xof 0303txt 0032
template Frame {
 <3d82ab46-62da-11cf-ab39-0020af71e433>
 [...]
}

template Matrix4x4 {
 <f6f23f45-7686-11cf-8f52-0040333594a3>
 array FLOAT matrix[16];
}

template FrameTransformMatrix {
 <f6f23f41-7686-11cf-8f52-0040333594a3>
 Matrix4x4 frameMatrix;
}

template ObjectMatrixComment {
 <95a48e28-7ef4-4419-a16a-ba9dbdf0d2bc>
 Matrix4x4 objectMatrix;
}

template Vector {
 <3d82ab5e-62da-11cf-ab39-0020af71e433>
 FLOAT x;
 FLOAT y;
 FLOAT z;
}

template MeshFace {
 <3d82ab5f-62da-11cf-ab39-0020af71e433>
 DWORD nFaceVertexIndices;
 array DWORD faceVertexIndices[nFaceVertexIndices];
}

template Mesh {
 <3d82ab44-62da-11cf-ab39-0020af71e433>
 DWORD nVertices;
 array Vector vertices[nVertices];
 DWORD nFaces;
 array MeshFace faces[nFaces];
 [...]
}

template MeshNormals {
 <f6f23f43-7686-11cf-8f52-0040333594a3>
 DWORD nNormals;
 array Vector normals[nNormals];
 DWORD nFaceNormals;
 array MeshFace faceNormals[nFaceNormals];
}

template Coords2d {
 <f6f23f44-7686-11cf-8f52-0040333594a3>
 FLOAT u;
 FLOAT v;
}

template MeshTextureCoords {
 <f6f23f40-7686-11cf-8f52-0040333594a3>
 DWORD nTextureCoords;
 array Coords2d textureCoords[nTextureCoords];
}

template XSkinMeshHeader {
 <3cf169ce-ff7c-44ab-93c0-f78f62d172e2>
 WORD nMaxSkinWeightsPerVertex;
 WORD nMaxSkinWeightsPerFace;
 WORD nBones;
}

template SkinWeights {
 <6f0d123b-bad2-4167-a0d0-80224f25fabb>
 STRING transformNodeName;
 DWORD nWeights;
 array DWORD vertexIndices[nWeights];
 array FLOAT weights[nWeights];
 Matrix4x4 matrixOffset;
}

template AnimTicksPerSecond {
 <9e415a43-7ba6-4a73-8743-b73d47e88476>
 DWORD AnimTicksPerSecond;
}

template Animation {
 <3d82ab4f-62da-11cf-ab39-0020af71e433>
 [...]
}

template AnimationSet {
 <3d82ab50-62da-11cf-ab39-0020af71e433>
 [Animation <3d82ab4f-62da-11cf-ab39-0020af71e433>]
}

template FloatKeys {
 <10dd46a9-775b-11cf-8f52-0040333594a3>
 DWORD nValues;
 array FLOAT values[nValues];
}

template TimedFloatKeys {
 <f406b180-7b3b-11cf-8f52-0040333594a3>
 DWORD time;
 FloatKeys tfkeys;
}

template AnimationKey {
 <10dd46a8-775b-11cf-8f52-0040333594a3>
 DWORD keyType;
 DWORD nKeys;
 array TimedFloatKeys keys[nKeys];
}


Frame Bip01 {
 

 FrameTransformMatrix relative {
  -0.038420,0.123465,-0.991605,0.000000,0.002453,0.992346,0.123462,0.000000,0.999259,0.002311,-0.038429,0.000000,9.747245,-29.068003,-8.665712,1.000000;;
 }

 ObjectMatrixComment object {
  0.173525,-0.000000,-0.000000,0.000000,0.000000,0.173525,0.000000,0.000000,0.000000,-0.000000,0.173525,0.000000,-0.000000,0.000002,0.000001,1.000000;;
 }

 Frame Bip01_Pelvis {
  

  FrameTransformMatrix relative {
   0.000000,1.000000,-0.000001,0.000000,-0.000001,0.000001,1.000000,0.000000,1.000000,-0.000000,0.000001,0.000000,-0.000000,0.000002,0.000001,1.000000;;
  }

  ObjectMatrixComment object {
   8.676257,0.000000,-0.000000,0.000000,-0.000000,6.941010,0.000000,0.000000,-0.000000,0.000000,8.676257,0.000000,0.000000,0.000000,0.000000,1.000000;;
  }

  Frame Bip01_Spine {
   

   FrameTransformMatrix relative {
    1.000000,0.000001,0.000796,0.000000,-0.000001,1.000000,0.000004,0.000000,-0.000796,-0.000004,1.000000,0.000000,3.991087,0.000006,-0.014371,1.000000;;
   }

   ObjectMatrixComment object {
    18.046621,0.000000,0.000000,0.000000,0.000000,18.046621,0.000000,0.000000,0.000000,0.000000,18.046621,0.000000,0.000000,0.000000,0.000000,1.000000;;
   }

   Frame Bip01_Neck {
    

    FrameTransformMatrix relative {
     1.000000,0.000000,0.000000,0.000000,-0.000000,1.000000,0.000000,0.000000,-0.000000,0.000000,1.000000,0.000000,18.046619,0.000001,-0.002073,1.000000;;
    }

    ObjectMatrixComment object {
     2.602877,0.000000,0.000000,0.000000,-0.000000,4.511654,0.000000,0.000000,0.000000,0.000000,4.511654,0.000000,0.000000,0.000001,0.000000,1.000000;;
    }

    Frame Bip01_Head {
     

     FrameTransformMatrix relative {
      1.000000,-0.000000,-0.000798,0.000000,0.000000,1.000000,0.000000,0.000000,0.000798,0.000000,1.000000,0.000000,2.602877,0.000000,0.000000,1.000000;;
     }

     ObjectMatrixComment object {
      8.155686,0.000000,0.000000,0.000000,-0.000000,7.548350,-0.000000,0.000000,-0.000000,0.000000,8.155686,0.000000,0.000000,0.000000,0.000001,1.000000;;
     }

     Frame Bip01_HeadNub {
      

      FrameTransformMatrix relative {
       1.000000,-0.000000,0.000000,0.000000,0.000000,1.000000,0.000000,0.000000,0.000000,0.000000,1.000000,0.000000,8.155687,0.000000,0.000001,1.000000;;
      }

      ObjectMatrixComment object {
       0.943544,0.000000,0.000000,0.000000,-0.000000,0.943544,-0.000000,0.000000,-0.000000,0.000000,0.943544,0.000000,0.000000,0.000000,0.000000,1.000000;;
      }
     }
    }

    Frame Bip01_L_Clavicle {
     

     FrameTransformMatrix relative {
      -0.000343,0.902282,-0.431145,0.000000,1.000000,0.000000,-0.000796,0.000000,-0.000719,-0.431146,-0.902282,0.000000,0.000000,1.214677,0.002070,1.000000;;
     }

     ObjectMatrixComment object {
      6.654455,0.000000,0.000000,0.000000,0.000000,8.676257,0.000000,0.000000,-0.000000,0.000000,11.279130,0.000000,0.000001,0.000000,0.000000,1.000000;;
     }

     Frame Bip01_L_UpperArm {
      

      FrameTransformMatrix relative {
       -0.599028,-0.744159,0.295622,0.000000,0.262710,-0.531406,-0.805352,0.000000,0.756405,-0.404766,0.513825,0.000000,6.654455,0.000001,0.000001,1.000000;;
      }

      ObjectMatrixComment object {
       13.256783,-0.000000,-0.000000,0.000000,-0.000000,17.923125,0.000000,0.000000,0.000000,0.000000,15.960648,0.000000,0.000000,0.000000,0.000000,1.000000;;
      }

      Frame Bip01_L_Forearm {
       

       FrameTransformMatrix relative {
        -0.079566,-0.000000,-0.996830,0.000000,-0.000000,1.000000,0.000000,0.000000,0.996830,-0.000000,-0.079566,0.000000,13.256783,0.000000,0.000001,1.000000;;
       }

       ObjectMatrixComment object {
        12.481876,0.000000,0.000000,0.000000,0.000000,12.104158,0.000000,0.000000,0.000000,0.000000,12.599046,0.000000,0.000000,0.000000,0.000000,1.000000;;
       }

       Frame Bip01_L_Hand {
        

        FrameTransformMatrix relative {
         0.963361,0.145666,0.225205,0.000000,-0.261355,0.698441,0.666238,0.000000,-0.060244,-0.700686,0.710922,0.000000,12.481878,0.000000,-0.000000,1.000000;;
        }

        ObjectMatrixComment object {
         4.553092,0.000000,0.000000,0.000000,0.000000,4.613227,0.000000,0.000000,0.000000,0.000000,5.161657,0.000000,-0.000000,-0.000001,-0.000000,1.000000;;
        }

        Frame Bip01_L_Finger0 {
         

         FrameTransformMatrix relative {
          0.471181,-0.628366,0.618986,0.000000,0.275602,-0.561748,-0.780053,0.000000,0.837873,0.538141,-0.091507,0.000000,1.498249,-2.184191,0.805332,1.000000;;
         }

         ObjectMatrixComment object {
          1.414163,0.000000,0.000000,0.000000,-0.000000,1.240833,0.000000,0.000000,0.000000,0.000000,1.084532,0.000000,0.000000,-0.000000,0.000000,1.000000;;
         }

         Frame Bip01_L_Finger01 {
          

          FrameTransformMatrix relative {
           0.823730,-0.047273,0.565008,0.000000,0.133557,0.984655,-0.112330,0.000000,-0.551027,0.167991,0.817403,0.000000,1.414163,0.000001,0.000000,1.000000;;
          }

          ObjectMatrixComment object {
           1.050122,-0.000000,-0.000000,0.000000,0.000000,1.491657,0.000000,0.000000,-0.000000,0.000000,1.084532,0.000000,-0.000000,0.000001,-0.000001,1.000000;;
          }

          Frame Bip01_L_Finger02 {
           

           FrameTransformMatrix relative {
            0.818516,-0.036375,0.573332,0.000000,0.119905,0.986831,-0.108574,0.000000,-0.561832,0.157615,0.812098,0.000000,1.050122,0.000000,-0.000001,1.000000;;
           }

           ObjectMatrixComment object {
            1.125311,0.000000,0.000000,0.000000,-0.000000,1.555457,-0.000000,0.000000,0.000000,0.000000,1.084532,0.000000,-0.000001,-0.000001,0.000000,1.000000;;
           }

           Frame Bip01_L_Finger0Nub {
            

            FrameTransformMatrix relative {
             1.000000,0.000000,0.000000,0.000000,0.000000,1.000000,-0.000000,0.000000,0.000000,0.000000,1.000000,0.000000,1.125311,0.000000,0.000000,1.000000;;
            }

            ObjectMatrixComment object {
             0.187552,0.000000,0.000000,0.000000,-0.000000,0.388864,-0.000000,0.000000,0.000000,0.000000,0.271133,0.000000,0.000000,0.000000,0.000001,1.000000;;
            }
           }
          }
         }
        }

        Frame Bip01_L_Finger1 {
         

         FrameTransformMatrix relative {
          0.897300,-0.192750,0.397116,0.000000,0.091108,0.961126,0.260645,0.000000,-0.431918,-0.197696,0.879979,0.000000,4.800346,-1.578575,0.174575,1.000000;;
         }

         ObjectMatrixComment object {
          1.568176,-0.000000,0.000000,0.000000,-0.000000,1.301439,0.000000,0.000000,0.000000,0.000000,1.301439,0.000000,-0.000000,-0.000001,0.000000,1.000000;;
         }

         Frame Bip01_L_Finger11 {
          

          FrameTransformMatrix relative {
           -0.318966,-0.201879,0.926016,0.000000,-0.258723,0.958489,0.119841,0.000000,-0.911769,-0.201356,-0.357956,0.000000,1.568175,-0.000001,0.000000,1.000000;;
          }

          ObjectMatrixComment object {
           1.307232,0.000000,0.000000,0.000000,-0.000000,1.301439,-0.000000,0.000000,0.000000,0.000000,1.301439,0.000000,0.000000,0.000000,-0.000000,1.000000;;
          }

          Frame Bip01_L_Finger12 {
           

           FrameTransformMatrix relative {
            0.748528,0.242055,0.617346,0.000000,-0.186738,0.970263,-0.154012,0.000000,-0.636267,-0.000000,0.771469,0.000000,1.307232,0.000000,-0.000001,1.000000;;
           }

           ObjectMatrixComment object {
            0.915793,-0.000000,0.000000,0.000000,-0.000000,1.301439,-0.000000,0.000000,0.000000,0.000000,1.301439,0.000000,0.000001,0.000000,-0.000001,1.000000;;
           }

           Frame Bip01_L_Finger1Nub {
            

            FrameTransformMatrix relative {
             1.000000,-0.000000,0.000000,0.000000,0.000000,1.000000,-0.000000,0.000000,0.000000,0.000000,1.000000,0.000000,0.915794,-0.000001,-0.000001,1.000000;;
            }

            ObjectMatrixComment object {
             0.152632,0.000000,0.000000,0.000000,-0.000000,0.325360,-0.000000,0.000000,0.000000,0.000000,0.325360,0.000000,-0.000001,-0.000001,0.000000,1.000000;;
            }
           }
          }
         }
        }

        Frame Bip01_L_Finger2 {
         

         FrameTransformMatrix relative {
          0.164583,-0.266060,0.949803,0.000000,0.092288,0.962864,0.253726,0.000000,-0.982037,0.045897,0.183025,0.000000,5.243440,-0.459309,0.154136,1.000000;;
         }

         ObjectMatrixComment object {
          1.746807,0.000000,-0.000000,0.000000,-0.000000,1.379125,0.000000,0.000000,0.000000,0.000000,1.518345,0.000000,-0.000000,0.000000,0.000000,1.000000;;
         }

         Frame Bip01_L_Finger21 {
          

          FrameTransformMatrix relative {
           0.271797,-0.238519,0.932328,0.000000,0.183979,0.963808,0.192938,0.000000,-0.944605,0.119089,0.305843,0.000000,1.746807,0.000001,0.000000,1.000000;;
          }

          ObjectMatrixComment object {
           1.294169,0.000000,-0.000000,0.000000,0.000000,1.518345,0.000000,0.000000,0.000000,0.000000,1.518345,0.000000,0.000000,0.000001,0.000000,1.000000;;
          }

          Frame Bip01_L_Finger22 {
           

           FrameTransformMatrix relative {
            0.759446,-0.261190,0.595837,0.000000,0.194824,0.965144,0.174759,0.000000,-0.620713,-0.016637,0.783861,0.000000,1.294168,0.000000,0.000000,1.000000;;
           }

           ObjectMatrixComment object {
            1.031239,0.000000,-0.000000,0.000000,0.000000,1.518345,-0.000000,0.000000,0.000000,0.000000,1.518345,0.000000,0.000000,-0.000000,0.000000,1.000000;;
           }

           Frame Bip01_L_Finger2Nub {
            

            FrameTransformMatrix relative {
             1.000000,0.000000,0.000000,0.000000,0.000000,1.000000,-0.000000,0.000000,-0.000000,0.000000,1.000000,0.000000,1.031239,0.000001,-0.000001,1.000000;;
            }

            ObjectMatrixComment object {
             0.171873,0.000000,0.000000,0.000000,0.000000,0.379586,-0.000000,0.000000,0.000000,0.000000,0.379586,0.000000,0.000000,0.000000,-0.000001,1.000000;;
            }
           }
          }
         }
        }

        Frame Bip01_L_Finger3 {
         

         FrameTransformMatrix relative {
          -0.025586,-0.332906,0.942613,0.000000,0.067965,0.940161,0.333884,0.000000,-0.997359,0.072608,-0.001429,0.000000,5.031446,0.594824,0.369456,1.000000;;
         }

         ObjectMatrixComment object {
          1.582664,-0.000000,0.000000,0.000000,0.000000,1.301439,0.000000,0.000000,-0.000000,0.000000,1.301439,0.000000,0.000000,0.000000,0.000000,1.000000;;
         }

         Frame Bip01_L_Finger31 {
          

          FrameTransformMatrix relative {
           0.555786,-0.278759,0.783196,0.000000,0.263136,0.952655,0.152342,0.000000,-0.788582,0.121418,0.602824,0.000000,1.582664,0.000002,0.000000,1.000000;;
          }

          ObjectMatrixComment object {
           1.210428,0.000000,0.000000,0.000000,0.000000,1.301439,-0.000000,0.000000,-0.000000,0.000000,1.301439,0.000000,-0.000002,0.000000,-0.000000,1.000000;;
          }

          Frame Bip01_L_Finger32 {
           

           FrameTransformMatrix relative {
            0.783409,-0.253300,0.567548,0.000000,-0.118057,0.835905,0.536028,0.000000,-0.610191,-0.486931,0.624952,0.000000,1.210427,0.000002,-0.000000,1.000000;;
           }

           ObjectMatrixComment object {
            0.928687,0.000000,0.000000,0.000000,-0.000000,1.301439,-0.000000,0.000000,0.000000,0.000000,1.301439,0.000000,0.000001,0.000000,-0.000001,1.000000;;
           }

           Frame Bip01_L_Finger3Nub {
            

            FrameTransformMatrix relative {
             1.000000,0.000000,0.000000,0.000000,0.000000,1.000000,0.000000,0.000000,-0.000000,0.000000,1.000000,0.000000,0.928688,0.000000,-0.000002,1.000000;;
            }

            ObjectMatrixComment object {
             0.154781,0.000000,0.000000,0.000000,-0.000000,0.325360,-0.000000,0.000000,0.000000,0.000000,0.325360,0.000000,0.000000,0.000001,0.000000,1.000000;;
            }
           }
          }
         }
        }

        Frame Bip01_L_Finger4 {
         

         FrameTransformMatrix relative {
          0.257050,-0.375136,0.890616,0.000000,0.060524,0.926024,0.372581,0.000000,-0.964501,-0.041868,0.260739,0.000000,4.476010,1.482502,0.726998,1.000000;;
         }

         ObjectMatrixComment object {
          1.075464,0.000000,0.000000,0.000000,0.000000,1.084532,-0.000000,0.000000,0.000000,0.000000,1.084532,0.000000,0.000000,-0.000001,-0.000001,1.000000;;
         }

         Frame Bip01_L_Finger41 {
          

          FrameTransformMatrix relative {
           0.441045,-0.189725,0.877202,0.000000,0.374140,0.927289,0.012445,0.000000,-0.815781,0.322708,0.479960,0.000000,1.075465,-0.000002,-0.000001,1.000000;;
          }

          ObjectMatrixComment object {
           0.993057,0.000000,0.000000,0.000000,0.000000,1.084532,-0.000000,0.000000,0.000000,0.000000,1.084532,0.000000,0.000000,0.000000,-0.000001,1.000000;;
          }

          Frame Bip01_L_Finger42 {
           

           FrameTransformMatrix relative {
            0.910284,-0.260016,0.322141,0.000000,0.114771,0.906151,0.407085,0.000000,-0.397756,-0.333591,0.854697,0.000000,0.993056,0.000000,0.000000,1.000000;;
           }

           ObjectMatrixComment object {
            0.936177,-0.000000,0.000000,0.000000,0.000000,1.084532,0.000000,0.000000,0.000000,0.000000,1.084532,0.000000,0.000000,0.000001,0.000000,1.000000;;
           }

           Frame Bip01_L_Finger4Nub {
            

            FrameTransformMatrix relative {
             1.000000,-0.000000,-0.000000,0.000000,0.000000,1.000000,-0.000000,0.000000,0.000000,0.000000,1.000000,0.000000,0.936177,0.000001,0.000000,1.000000;;
            }

            ObjectMatrixComment object {
             0.156030,-0.000000,0.000000,0.000000,0.000000,0.271133,0.000000,0.000000,0.000000,0.000000,0.271133,0.000000,-0.000002,0.000000,0.000000,1.000000;;
            }
           }
          }
         }
        }
       }
      }

      Frame Bip01_L_ForeTwist {
       

       FrameTransformMatrix relative {
        -0.079566,-0.000000,-0.996830,0.000000,-0.160583,0.986939,0.012818,0.000000,0.983810,0.161093,-0.078527,0.000000,13.256783,0.000000,0.000001,1.000000;;
       }

       ObjectMatrixComment object {
        3.120469,0.000000,0.000000,0.000000,0.000000,12.104158,-0.000000,0.000000,0.000000,-0.000000,12.599046,0.000000,0.000001,0.000000,0.000001,1.000000;;
       }

       Frame Bip01_L_ForeTwist1 {
        

        FrameTransformMatrix relative {
         1.000000,0.000000,-0.000000,0.000000,0.000000,0.986939,-0.161093,0.000000,-0.000000,0.161093,0.986939,0.000000,3.120471,0.000000,0.000001,1.000000;;
        }

        ObjectMatrixComment object {
         3.120469,0.000000,0.000000,0.000000,0.000000,12.104158,0.000000,0.000000,0.000000,0.000000,12.599048,0.000000,0.000001,0.000000,0.000000,1.000000;;
        }

        Frame Bip01_L_ForeTwist2 {
         

         FrameTransformMatrix relative {
          1.000000,0.000000,-0.000000,0.000000,0.000000,0.986939,-0.161093,0.000000,0.000000,0.161093,0.986939,0.000000,3.120471,0.000000,0.000000,1.000000;;
         }

         ObjectMatrixComment object {
          3.120469,0.000000,0.000000,0.000000,0.000000,12.104160,0.000000,0.000000,0.000000,0.000000,12.599046,0.000000,0.000000,0.000001,0.000001,1.000000;;
         }

         Frame Bip01_L_ForeTwist3 {
          

          FrameTransformMatrix relative {
           1.000000,0.000000,0.000000,0.000000,-0.000000,0.986939,-0.161093,0.000000,0.000000,0.161093,0.986939,0.000000,3.120469,-0.000001,0.000001,1.000000;;
          }

          ObjectMatrixComment object {
           3.120469,0.000000,0.000000,0.000000,0.000000,12.104158,0.000000,0.000000,0.000000,-0.000000,12.599046,0.000000,-0.000000,-0.000001,-0.000001,1.000000;;
          }
         }
        }
       }
      }
     }
    }

    Frame Bip01_R_Clavicle {
     

     FrameTransformMatrix relative {
      -0.000000,-1.000000,0.000003,0.000000,-1.000000,0.000000,0.000796,0.000000,-0.000796,-0.000003,-1.000000,0.000000,0.000001,-1.214677,0.002076,1.000000;;
     }

     ObjectMatrixComment object {
      6.654455,0.000000,-0.000000,0.000000,0.000000,8.676257,0.000000,0.000000,0.000000,0.000000,11.279129,0.000000,0.000000,0.000000,-0.000000,1.000000;;
     }

     Frame Bip01_R_UpperArm {
      

      FrameTransformMatrix relative {
       0.352270,0.930669,-0.098796,0.000000,-0.935535,0.353109,-0.009437,0.000000,0.026103,0.095751,0.995063,0.000000,6.654454,0.000000,-0.000000,1.000000;;
      }

      ObjectMatrixComment object {
       13.256783,0.000000,0.000000,0.000000,-0.000000,17.923123,-0.000000,0.000000,0.000000,0.000000,15.960648,0.000000,0.000000,0.000000,0.000000,1.000000;;
      }

      Frame Bip01_R_Forearm {
       

       FrameTransformMatrix relative {
        -0.318407,-0.000000,-0.947954,0.000000,-0.000000,1.000000,-0.000000,0.000000,0.947954,-0.000000,-0.318407,0.000000,13.256782,0.000000,0.000000,1.000000;;
       }

       ObjectMatrixComment object {
        12.481878,-0.000000,0.000000,0.000000,0.000000,12.104158,-0.000001,0.000000,-0.000000,0.000000,12.599046,0.000000,-0.000000,0.000000,0.000000,1.000000;;
       }

       Frame Bip01_R_Hand {
        

        FrameTransformMatrix relative {
         0.898952,-0.102267,0.425942,0.000000,0.409271,-0.150530,-0.899910,0.000000,0.156149,0.983302,-0.093464,0.000000,12.481878,0.000000,0.000004,1.000000;;
        }

        ObjectMatrixComment object {
         4.553092,0.000000,0.000000,0.000000,0.000000,4.613227,0.000000,0.000000,0.000000,0.000000,5.161657,0.000000,0.000000,0.000001,0.000000,1.000000;;
        }

        Frame Bip01_R_Finger0 {
         

         FrameTransformMatrix relative {
          0.644746,0.592679,0.482735,0.000000,-0.467243,-0.194237,0.862529,0.000000,0.604968,-0.781667,0.151692,0.000000,1.498247,2.184189,0.805334,1.000000;;
         }

         ObjectMatrixComment object {
          1.414163,0.000000,-0.000000,0.000000,0.000000,1.240833,0.000000,0.000000,-0.000000,-0.000000,1.084532,0.000000,-0.000001,0.000000,0.000000,1.000000;;
         }

         Frame Bip01_R_Finger01 {
          

          FrameTransformMatrix relative {
           0.823730,0.047273,0.565008,0.000000,-0.133557,0.984654,0.112330,0.000000,-0.551027,-0.167991,0.817403,0.000000,1.414162,-0.000001,0.000000,1.000000;;
          }

          ObjectMatrixComment object {
           1.050122,0.000000,0.000000,0.000000,0.000000,1.491657,-0.000000,0.000000,-0.000000,-0.000000,1.084532,0.000000,0.000000,0.000000,-0.000001,1.000000;;
          }

          Frame Bip01_R_Finger02 {
           

           FrameTransformMatrix relative {
            0.818516,0.036375,0.573331,0.000000,-0.119905,0.986831,0.108574,0.000000,-0.561832,-0.157615,0.812098,0.000000,1.050125,0.000000,0.000000,1.000000;;
           }

           ObjectMatrixComment object {
            1.125311,0.000000,0.000000,0.000000,0.000000,1.555457,0.000000,0.000000,0.000000,0.000000,1.084532,0.000000,-0.000002,0.000001,0.000000,1.000000;;
           }

           Frame Bip01_R_Finger0Nub {
            

            FrameTransformMatrix relative {
             1.000000,0.000000,0.000000,0.000000,0.000000,-1.000000,-0.000000,0.000000,-0.000000,0.000000,1.000000,0.000000,1.125309,0.000001,-0.000000,1.000000;;
            }

            ObjectMatrixComment object {
             0.187552,-0.000000,0.000000,0.000000,-0.000000,0.388864,0.000000,0.000000,0.000000,-0.000000,0.271133,0.000000,0.000000,0.000001,0.000000,1.000000;;
            }
           }
          }
         }
        }

        Frame Bip01_R_Finger1 {
         

         FrameTransformMatrix relative {
          0.824385,0.560490,-0.078998,0.000000,-0.519997,0.694799,-0.496848,0.000000,-0.223591,0.450673,0.864234,0.000000,4.800344,1.578576,0.174576,1.000000;;
         }

         ObjectMatrixComment object {
          1.568176,-0.000000,-0.000000,0.000000,-0.000000,1.301439,-0.000000,0.000000,-0.000000,-0.000000,1.301439,0.000000,0.000003,0.000000,-0.000000,1.000000;;
         }

         Frame Bip01_R_Finger11 {
          

          FrameTransformMatrix relative {
           0.762037,-0.126288,0.635099,0.000000,0.258723,0.958489,-0.119841,0.000000,-0.593601,0.255638,0.763078,0.000000,1.568179,0.000000,-0.000000,1.000000;;
          }

          ObjectMatrixComment object {
           1.307232,0.000000,0.000000,0.000000,0.000000,1.301439,-0.000000,0.000000,0.000000,0.000000,1.301439,0.000000,-0.000000,0.000002,0.000002,1.000000;;
          }

          Frame Bip01_R_Finger12 {
           

           FrameTransformMatrix relative {
            0.748528,-0.242055,0.617346,0.000000,0.186738,0.970263,0.154011,0.000000,-0.636267,0.000000,0.771469,0.000000,1.307232,0.000004,0.000002,1.000000;;
           }

           ObjectMatrixComment object {
            0.915793,0.000000,-0.000000,0.000000,0.000000,1.301439,0.000000,0.000000,-0.000000,0.000000,1.301439,0.000000,-0.000000,0.000000,0.000002,1.000000;;
           }

           Frame Bip01_R_Finger1Nub {
            

            FrameTransformMatrix relative {
             1.000000,0.000000,-0.000000,0.000000,-0.000000,-1.000000,0.000000,0.000000,-0.000000,-0.000000,1.000000,0.000000,0.915793,0.000000,0.000002,1.000000;;
            }

            ObjectMatrixComment object {
             0.152632,-0.000000,-0.000000,0.000000,-0.000000,0.325360,0.000000,0.000000,-0.000000,-0.000000,0.325360,0.000000,0.000000,0.000000,0.000000,1.000000;;
            }
           }
          }
         }
        }

        Frame Bip01_R_Finger2 {
         

         FrameTransformMatrix relative {
          0.164583,0.266060,0.949803,0.000000,-0.092288,0.962864,-0.253726,0.000000,-0.982037,-0.045897,0.183025,0.000000,5.243439,0.459308,0.154137,1.000000;;
         }

         ObjectMatrixComment object {
          1.746807,0.000000,-0.000000,0.000000,-0.000000,1.379125,0.000000,0.000000,-0.000000,0.000000,1.518345,0.000000,0.000000,-0.000002,-0.000002,1.000000;;
         }

         Frame Bip01_R_Finger21 {
          

          FrameTransformMatrix relative {
           0.271797,0.238519,0.932328,0.000000,-0.183979,0.963808,-0.192938,0.000000,-0.944605,-0.119089,0.305843,0.000000,1.746807,-0.000002,-0.000002,1.000000;;
          }

          ObjectMatrixComment object {
           1.294169,-0.000000,0.000000,0.000000,0.000000,1.518345,0.000000,0.000000,0.000000,0.000000,1.518345,0.000000,0.000002,-0.000001,0.000001,1.000000;;
          }

          Frame Bip01_R_Finger22 {
           

           FrameTransformMatrix relative {
            0.759446,0.261190,0.595837,0.000000,-0.194824,0.965144,-0.174759,0.000000,-0.620713,0.016637,0.783861,0.000000,1.294170,-0.000002,0.000000,1.000000;;
           }

           ObjectMatrixComment object {
            1.031239,0.000000,0.000000,0.000000,0.000000,1.518345,0.000000,0.000000,0.000000,-0.000000,1.518345,0.000000,0.000002,-0.000002,0.000000,1.000000;;
           }

           Frame Bip01_R_Finger2Nub {
            

            FrameTransformMatrix relative {
             1.000000,0.000000,0.000000,0.000000,-0.000000,-1.000000,0.000000,0.000000,0.000000,0.000000,1.000000,0.000000,1.031242,-0.000000,0.000000,1.000000;;
            }

            ObjectMatrixComment object {
             0.171873,-0.000000,0.000000,0.000000,-0.000000,0.379586,-0.000000,0.000000,0.000000,0.000000,0.379586,0.000000,0.000002,0.000000,0.000000,1.000000;;
            }
           }
          }
         }
        }

        Frame Bip01_R_Finger3 {
         

         FrameTransformMatrix relative {
          -0.025587,0.332906,0.942613,0.000000,-0.067965,0.940161,-0.333884,0.000000,-0.997360,-0.072608,-0.001429,0.000000,5.031446,-0.594825,0.369457,1.000000;;
         }

         ObjectMatrixComment object {
          1.582664,-0.000000,-0.000000,0.000000,-0.000000,1.301439,0.000000,0.000000,-0.000000,0.000000,1.301439,0.000000,0.000000,0.000000,0.000000,1.000000;;
         }

         Frame Bip01_R_Finger31 {
          

          FrameTransformMatrix relative {
           0.555786,0.278759,0.783196,0.000000,-0.263136,0.952655,-0.152342,0.000000,-0.788582,-0.121418,0.602824,0.000000,1.582664,0.000002,0.000000,1.000000;;
          }

          ObjectMatrixComment object {
           1.210428,0.000000,0.000000,0.000000,0.000000,1.301439,-0.000000,0.000000,-0.000000,-0.000000,1.301439,0.000000,0.000002,0.000000,-0.000002,1.000000;;
          }

          Frame Bip01_R_Finger32 {
           

           FrameTransformMatrix relative {
            0.783409,0.253300,0.567548,0.000000,0.118057,0.835905,-0.536028,0.000000,-0.610191,0.486931,0.624952,0.000000,1.210430,0.000001,0.000001,1.000000;;
           }

           ObjectMatrixComment object {
            0.928687,0.000000,0.000000,0.000000,0.000000,1.301439,0.000000,0.000000,0.000000,0.000000,1.301439,0.000000,0.000000,0.000000,0.000000,1.000000;;
           }

           Frame Bip01_R_Finger3Nub {
            

            FrameTransformMatrix relative {
             1.000000,0.000000,0.000000,0.000000,0.000000,-1.000000,0.000000,0.000000,0.000000,0.000000,1.000000,0.000000,0.928686,0.000001,0.000000,1.000000;;
            }

            ObjectMatrixComment object {
             0.154781,0.000000,0.000000,0.000000,0.000000,0.325360,-0.000000,0.000000,0.000000,-0.000000,0.325360,0.000000,0.000000,-0.000001,0.000000,1.000000;;
            }
           }
          }
         }
        }

        Frame Bip01_R_Finger4 {
         

         FrameTransformMatrix relative {
          0.257050,0.375136,0.890616,0.000000,-0.060524,0.926024,-0.372581,0.000000,-0.964501,0.041868,0.260739,0.000000,4.476009,-1.482502,0.726999,1.000000;;
         }

         ObjectMatrixComment object {
          1.075464,-0.000000,-0.000000,0.000000,-0.000000,1.084532,0.000000,0.000000,-0.000000,0.000000,1.084532,0.000000,0.000000,0.000000,0.000000,1.000000;;
         }

         Frame Bip01_R_Finger41 {
          

          FrameTransformMatrix relative {
           0.441045,0.189725,0.877202,0.000000,-0.374140,0.927289,-0.012445,0.000000,-0.815781,-0.322708,0.479960,0.000000,1.075464,0.000002,0.000000,1.000000;;
          }

          ObjectMatrixComment object {
           0.993057,0.000000,0.000000,0.000000,-0.000000,1.084532,0.000000,0.000000,0.000000,0.000000,1.084532,0.000000,0.000000,0.000000,0.000000,1.000000;;
          }

          Frame Bip01_R_Finger42 {
           

           FrameTransformMatrix relative {
            0.910284,0.260016,0.322141,0.000000,-0.114771,0.906151,-0.407085,0.000000,-0.397756,0.333591,0.854697,0.000000,0.993057,0.000000,0.000000,1.000000;;
           }

           ObjectMatrixComment object {
            0.936177,-0.000000,-0.000000,0.000000,-0.000000,1.084532,-0.000000,0.000000,0.000000,-0.000000,1.084532,0.000000,0.000000,0.000000,0.000000,1.000000;;
           }

           Frame Bip01_R_Finger4Nub {
            

            FrameTransformMatrix relative {
             1.000000,-0.000000,-0.000000,0.000000,0.000000,-1.000000,0.000000,0.000000,0.000000,-0.000000,1.000000,0.000000,0.936178,0.000001,0.000001,1.000000;;
            }

            ObjectMatrixComment object {
             0.156030,0.000000,-0.000000,0.000000,0.000000,0.271133,0.000000,0.000000,0.000000,0.000000,0.271133,0.000000,0.000000,-0.000001,0.000000,1.000000;;
            }
           }
          }
         }
        }
       }
      }

      Frame Bip01_R_ForeTwist {
       

       FrameTransformMatrix relative {
        -0.318407,-0.000000,-0.947954,0.000000,-0.031417,0.999451,0.010553,0.000000,0.947433,0.033142,-0.318232,0.000000,13.256782,0.000000,0.000000,1.000000;;
       }

       ObjectMatrixComment object {
        3.120470,-0.000000,0.000000,0.000000,0.000000,12.104158,-0.000000,0.000000,0.000000,0.000000,12.599048,0.000000,-0.000000,0.000000,-0.000002,1.000000;;
       }

       Frame Bip01_R_ForeTwist1 {
        

        FrameTransformMatrix relative {
         1.000000,-0.000000,-0.000000,0.000000,-0.000000,0.999451,-0.033142,0.000000,0.000000,0.033142,0.999451,0.000000,3.120471,0.000000,-0.000002,1.000000;;
        }

        ObjectMatrixComment object {
         3.120469,-0.000000,0.000000,0.000000,-0.000000,12.104157,0.000000,0.000000,-0.000000,-0.000000,12.599046,0.000000,-0.000001,-0.000000,0.000000,1.000000;;
        }

        Frame Bip01_R_ForeTwist2 {
         

         FrameTransformMatrix relative {
          1.000000,0.000000,0.000000,0.000000,-0.000000,0.999451,-0.033142,0.000000,0.000000,0.033142,0.999451,0.000000,3.120469,-0.000000,0.000000,1.000000;;
         }

         ObjectMatrixComment object {
          3.120470,0.000000,-0.000000,0.000000,0.000000,12.104158,0.000000,0.000000,0.000000,0.000000,12.599048,0.000000,0.000000,-0.000000,0.000002,1.000000;;
         }

         Frame Bip01_R_ForeTwist3 {
          

          FrameTransformMatrix relative {
           1.000000,0.000000,-0.000000,0.000000,0.000000,0.999451,-0.033142,0.000000,0.000000,0.033142,0.999451,0.000000,3.120471,0.000000,0.000004,1.000000;;
          }

          ObjectMatrixComment object {
           3.120469,-0.000000,-0.000000,0.000000,0.000000,12.104159,-0.000000,0.000000,0.000000,-0.000000,12.599046,0.000000,-0.000000,0.000000,0.000002,1.000000;;
          }
         }
        }
       }
      }
     }
    }
   }
  }

  Frame Bip01_L_Thigh {
   

   FrameTransformMatrix relative {
    -0.995004,-0.000002,0.099834,0.000000,0.000001,-1.000000,-0.000001,0.000000,0.099834,-0.000001,0.995004,0.000000,-0.000008,3.470506,0.000004,1.000000;;
   }

   ObjectMatrixComment object {
    17.352512,0.000000,0.000000,0.000000,-0.000000,17.352514,0.000000,0.000000,0.000000,0.000000,17.352514,0.000000,0.000000,-0.000002,-0.000000,1.000000;;
   }

   Frame Bip01_L_Calf {
    

    FrameTransformMatrix relative {
     0.980066,-0.000000,-0.198670,0.000000,-0.000000,1.000000,0.000000,0.000000,0.198670,0.000000,0.980066,0.000000,17.352517,-0.000001,-0.000000,1.000000;;
    }

    ObjectMatrixComment object {
     17.352517,0.000000,0.000000,0.000000,0.000000,17.352514,0.000000,0.000000,-0.000000,0.000000,17.352514,0.000000,0.000000,0.000001,0.000000,1.000000;;
    }

    Frame Bip01_L_Foot {
     

     FrameTransformMatrix relative {
      0.995004,-0.000000,0.099834,0.000000,0.000000,1.000000,0.000000,0.000000,-0.099834,0.000000,0.995004,0.000000,17.352512,0.000000,0.000000,1.000000;;
     }

     ObjectMatrixComment object {
      3.991079,0.000000,0.000000,0.000000,0.000000,3.296977,0.000000,0.000000,0.000000,0.000000,6.420430,0.000000,0.000008,0.000001,0.000000,1.000000;;
     }

     Frame Bip01_L_Toe0 {
      

      FrameTransformMatrix relative {
       0.000000,0.000000,1.000000,0.000000,0.000000,1.000000,0.000000,0.000000,-1.000000,0.000000,0.000000,0.000000,3.991089,0.000000,5.136344,1.000000;;
      }

      ObjectMatrixComment object {
       0.520575,0.000000,0.000000,0.000000,-0.000000,0.520575,0.000000,0.000000,-0.000000,-0.000000,0.520575,0.000000,0.000001,0.000000,-0.000008,1.000000;;
      }

      Frame Bip01_L_Toe0Nub {
       

       FrameTransformMatrix relative {
        1.000000,0.000000,-0.000000,0.000000,0.000000,-1.000000,0.000000,0.000000,0.000000,0.000000,1.000000,0.000000,0.520576,0.000000,-0.000008,1.000000;;
       }

       ObjectMatrixComment object {
        0.086763,0.000000,0.000000,0.000000,0.000000,0.130144,0.000000,0.000000,-0.000000,0.000000,0.130144,0.000000,0.000000,-0.000001,0.000000,1.000000;;
       }
      }
     }
    }
   }
  }

  Frame Bip01_R_Thigh {
   

   FrameTransformMatrix relative {
    -0.995004,-0.000002,0.099834,0.000000,0.000001,-1.000000,-0.000001,0.000000,0.099834,-0.000001,0.995004,0.000000,0.000006,-3.470504,-0.000006,1.000000;;
   }

   ObjectMatrixComment object {
    17.352512,0.000000,0.000000,0.000000,-0.000000,17.352514,0.000000,0.000000,0.000000,0.000000,17.352514,0.000000,0.000002,-0.000000,0.000000,1.000000;;
   }

   Frame Bip01_R_Calf {
    

    FrameTransformMatrix relative {
     0.980066,-0.000000,-0.198670,0.000000,-0.000000,1.000000,0.000000,0.000000,0.198670,0.000000,0.980066,0.000000,17.352514,0.000000,0.000001,1.000000;;
    }

    ObjectMatrixComment object {
     17.352517,0.000000,0.000000,0.000000,0.000000,17.352514,0.000000,0.000000,-0.000000,0.000000,17.352514,0.000000,0.000000,0.000000,0.000000,1.000000;;
    }

    Frame Bip01_R_Foot {
     

     FrameTransformMatrix relative {
      0.995004,-0.000000,0.099834,0.000000,0.000000,1.000000,0.000000,0.000000,-0.099834,0.000000,0.995004,0.000000,17.352509,0.000000,0.000000,1.000000;;
     }

     ObjectMatrixComment object {
      3.991079,0.000000,0.000000,0.000000,0.000000,3.296977,0.000000,0.000000,0.000000,0.000000,6.420430,0.000000,-0.000008,0.000000,-0.000000,1.000000;;
     }

     Frame Bip01_R_Toe0 {
      

      FrameTransformMatrix relative {
       0.000000,0.000000,1.000000,0.000000,0.000000,1.000000,0.000000,0.000000,-1.000000,0.000000,0.000000,0.000000,3.991081,0.000001,5.136344,1.000000;;
      }

      ObjectMatrixComment object {
       0.520575,0.000000,0.000000,0.000000,-0.000000,0.520575,0.000000,0.000000,-0.000000,-0.000000,0.520575,0.000000,0.000001,0.000000,-0.000008,1.000000;;
      }

      Frame Bip01_R_Toe0Nub {
       

       FrameTransformMatrix relative {
        1.000000,0.000000,-0.000000,0.000000,0.000000,1.000000,0.000000,0.000000,0.000000,0.000000,1.000000,0.000000,0.520575,-0.000000,-0.000008,1.000000;;
       }

       ObjectMatrixComment object {
        0.086763,0.000000,0.000000,0.000000,-0.000000,0.130144,0.000000,0.000000,-0.000000,-0.000000,0.130144,0.000000,0.000000,0.000000,0.000000,1.000000;;
       }
      }
     }
    }
   }
  }
 }
}

Frame gun_root_bone {
 

 FrameTransformMatrix relative {
  0.999712,0.000710,0.023981,0.000000,-0.000333,0.999876,-0.015715,0.000000,-0.023990,0.015702,0.999589,0.000000,-0.669657,-11.766855,-22.366866,1.000000;;
 }

 ObjectMatrixComment object {
  1.000000,-0.000000,0.000000,0.000000,0.000000,1.000000,0.000000,0.000000,0.000000,-0.000000,1.000000,0.000000,0.000000,0.000000,0.000000,1.000000;;
 }

 Frame FIRESPOT {
  

  FrameTransformMatrix relative {
   1.000000,0.000000,-0.000001,0.000000,0.000000,1.000000,0.000000,0.000000,0.000000,-0.000000,1.000000,0.000000,-0.032062,6.678860,-15.430386,1.000000;;
  }

  ObjectMatrixComment object {
   1.000000,0.000000,-0.000000,0.000000,0.000000,1.000000,0.000000,0.000000,0.000000,0.000000,1.000000,0.000000,0.000000,-0.000000,0.000000,1.000000;;
  }

  Frame SMOKE {
   

   FrameTransformMatrix relative {
    1.000001,-0.000000,-0.000000,0.000000,0.000000,1.000000,-0.000000,0.000000,0.000000,0.000000,1.000000,0.000000,1.074147,2.549234,-0.201046,1.000000;;
   }

   ObjectMatrixComment object {
    1.000000,0.000000,0.000000,0.000000,-0.000000,1.000000,-0.000000,0.000000,0.000000,-0.000000,1.000000,0.000000,-0.000000,0.000000,0.000008,1.000000;;
   }
  }
 }
}

Frame arms_newuv {
 

 FrameTransformMatrix relative {
  1.000000,0.000000,0.000000,0.000000,0.000000,1.000000,0.000000,0.000000,0.000000,0.000000,1.000000,0.000000,0.000000,0.000000,0.000000,1.000000;;
 }

 ObjectMatrixComment object {
  1.000000,0.000000,0.000000,0.000000,0.000000,1.000000,0.000000,0.000000,0.000000,0.000000,1.000000,0.000000,0.000000,0.000000,0.000000,1.000000;;
 }

 Mesh mesh_a {
  2053;
  -7.778451;-2.396387;-25.890221;,
  -7.131062;-2.446071;-25.836547;,
  -7.396873;-2.325676;-25.188902;,
  -7.941629;-2.347263;-25.212755;,
  -8.253465;-2.613738;-25.874914;,
  -8.533382;-2.766087;-25.245112;,
  -8.735075;-3.182297;-25.826931;,
  -8.779566;-3.316282;-25.171606;,
  -8.916058;-3.844934;-25.799646;,
  -8.933078;-3.816869;-25.121288;,
  -8.974833;-4.437506;-25.708542;,
  -9.064908;-4.347161;-25.083654;,
  -8.689793;-5.004398;-25.638126;,
  -8.880510;-4.800161;-24.948480;,
  -8.299406;-5.198770;-25.464155;,
  -8.362972;-5.088339;-24.908875;,
  -7.939011;-5.276432;-25.331474;,
  -7.859377;-5.223950;-24.800370;,
  -7.614350;-5.298129;-25.253141;,
  -7.939011;-5.276432;-25.331474;,
  -7.859377;-5.223950;-24.800370;,
  -7.571984;-5.265410;-24.726728;,
  -7.223994;-5.209282;-25.222187;,
  -7.131008;-5.095831;-24.648728;,
  -6.823742;-4.661640;-25.387714;,
  -6.793493;-4.554993;-24.695816;,
  -6.597023;-4.093103;-25.603293;,
  -6.585855;-3.986878;-24.886008;,
  -6.581261;-3.550417;-25.672016;,
  -6.617717;-3.527170;-25.006760;,
  -6.593915;-3.014571;-25.741710;,
  -6.753390;-3.013020;-25.092144;,
  -6.701196;-2.576056;-25.780123;,
  -6.945960;-2.543818;-25.144400;,
  -7.147989;-2.393048;-25.147261;,
  -6.882962;-2.473043;-25.797830;,
  -8.476526;-2.793797;-24.570928;,
  -8.721445;-3.312292;-24.528021;,
  -8.036166;-2.400279;-24.598736;,
  -8.862319;-3.855929;-24.366341;,
  -8.946362;-4.367177;-24.245453;,
  -8.722401;-4.824083;-24.218357;,
  -8.414964;-5.093899;-24.134565;,
  -7.830306;-5.287720;-24.071768;,
  -7.428428;-5.279606;-24.047670;,
  -7.830306;-5.287720;-24.071768;,
  -6.993351;-5.020503;-24.028123;,
  -6.648738;-4.458292;-24.128774;,
  -6.525817;-3.947174;-24.362411;,
  -6.562742;-3.459217;-24.371459;,
  -6.768254;-2.937291;-24.464859;,
  -7.048946;-2.457189;-24.524091;,
  -7.234108;-2.338664;-24.537635;,
  -7.446257;-2.294982;-24.585163;,
  -7.446257;-2.294982;-24.585163;,
  -7.450369;-2.269102;-23.887283;,
  -7.952010;-2.341762;-23.867834;,
  -8.036166;-2.400279;-24.598736;,
  -8.421762;-2.688032;-23.735058;,
  -8.476526;-2.793797;-24.570928;,
  -8.710338;-3.207576;-23.650258;,
  -8.721445;-3.312292;-24.528021;,
  -8.911594;-3.834925;-23.567973;,
  -8.862319;-3.855929;-24.366341;,
  -8.925507;-4.426362;-23.454944;,
