xof 0303txt 0032
template Frame {
 <3d82ab46-62da-11cf-ab39-0020af71e433>
 [...]
}

template Matrix4x4 {
 <f6f23f45-7686-11cf-8f52-0040333594a3>
 array FLOAT matrix[16];
}

template FrameTransformMatrix {
 <f6f23f41-7686-11cf-8f52-0040333594a3>
 Matrix4x4 frameMatrix;
}

template Vector {
 <3d82ab5e-62da-11cf-ab39-0020af71e433>
 FLOAT x;
 FLOAT y;
 FLOAT z;
}

template MeshFace {
 <3d82ab5f-62da-11cf-ab39-0020af71e433>
 DWORD nFaceVertexIndices;
 array DWORD faceVertexIndices[nFaceVertexIndices];
}

template Mesh {
 <3d82ab44-62da-11cf-ab39-0020af71e433>
 DWORD nVertices;
 array Vector vertices[nVertices];
 DWORD nFaces;
 array MeshFace faces[nFaces];
 [...]
}

template MeshNormals {
 <f6f23f43-7686-11cf-8f52-0040333594a3>
 DWORD nNormals;
 array Vector normals[nNormals];
 DWORD nFaceNormals;
 array MeshFace faceNormals[nFaceNormals];
}

template Coords2d {
 <f6f23f44-7686-11cf-8f52-0040333594a3>
 FLOAT u;
 FLOAT v;
}

template MeshTextureCoords {
 <f6f23f40-7686-11cf-8f52-0040333594a3>
 DWORD nTextureCoords;
 array Coords2d textureCoords[nTextureCoords];
}

template ColorRGBA {
 <35ff44e0-6c7c-11cf-8f52-0040333594a3>
 FLOAT red;
 FLOAT green;
 FLOAT blue;
 FLOAT alpha;
}

template ColorRGB {
 <d3e16e81-7835-11cf-8f52-0040333594a3>
 FLOAT red;
 FLOAT green;
 FLOAT blue;
}

template Material {
 <3d82ab4d-62da-11cf-ab39-0020af71e433>
 ColorRGBA faceColor;
 FLOAT power;
 ColorRGB specularColor;
 ColorRGB emissiveColor;
 [...]
}

template MeshMaterialList {
 <f6f23f42-7686-11cf-8f52-0040333594a3>
 DWORD nMaterials;
 DWORD nFaceIndexes;
 array DWORD faceIndexes[nFaceIndexes];
 [Material <3d82ab4d-62da-11cf-ab39-0020af71e433>]
}

template TextureFilename {
 <a42790e1-7810-11cf-8f52-0040333594a3>
 STRING filename;
}

template Animation {
 <3d82ab4f-62da-11cf-ab39-0020af71e433>
 [...]
}

template AnimationSet {
 <3d82ab50-62da-11cf-ab39-0020af71e433>
 [Animation <3d82ab4f-62da-11cf-ab39-0020af71e433>]
}

template FloatKeys {
 <10dd46a9-775b-11cf-8f52-0040333594a3>
 DWORD nValues;
 array FLOAT values[nValues];
}

template TimedFloatKeys {
 <f406b180-7b3b-11cf-8f52-0040333594a3>
 DWORD time;
 FloatKeys tfkeys;
}

template AnimationKey {
 <10dd46a8-775b-11cf-8f52-0040333594a3>
 DWORD keyType;
 DWORD nKeys;
 array TimedFloatKeys keys[nKeys];
}


Frame Scene_Root {
 

 Frame Camera_Root {
  

  FrameTransformMatrix {
   1.000000,0.000000,0.000000,0.000000,0.000000,1.000000,0.000000,0.000000,0.000000,0.000000,1.000000,0.000000,0.000000,2.000000,20.000000,1.000000;;
  }

  Frame Camera {
   

   FrameTransformMatrix {
    1.000000,0.000000,0.000000,0.000000,0.000000,1.000000,0.000000,0.000000,0.000000,0.000000,1.000000,0.000000,0.000000,0.000000,0.000000,1.000000;;
   }
  }
 }

 Frame light {
  

  FrameTransformMatrix {
   1.000000,0.000000,0.000000,0.000000,0.000000,1.000000,0.000000,0.000000,0.000000,0.000000,1.000000,0.000000,0.000000,0.000000,0.000000,1.000000;;
  }
 }

 Frame cube268 {
  

  FrameTransformMatrix {
   1.000000,0.000000,0.000000,0.000000,0.000000,1.000000,0.000000,0.000000,0.000000,0.000000,1.000000,0.000000,-200.000000,63.000000,1925.00000,1.000000;;
  }
 }

 Frame cube274 {
  

  FrameTransformMatrix {
   1.000000,0.000000,0.000000,0.000000,0.000000,1.000000,0.000000,0.000000,0.000000,0.000000,1.000000,0.000000,-200.000000,63.000000,2100.00000,1.000000;;
  }
 }

 Frame cube278 {
  

  FrameTransformMatrix {
   1.000000,0.000000,0.000000,0.000000,0.000000,1.000000,0.000000,0.000000,0.000000,0.000000,1.000000,0.000000,-200.000000,100.000000,1925.00000,1.000000;;
  }
 }

 Frame cube281 {
  

  FrameTransformMatrix {
   1.000000,0.000000,0.000000,0.000000,0.000000,1.000000,0.000000,0.000000,0.000000,0.000000,1.000000,0.000000,-200.000000,100.000000,2100.00000,1.000000;;
  }
 }

 Frame cube284 {
  

  FrameTransformMatrix {
   1.000000,0.000000,0.000000,0.000000,0.000000,1.000000,0.000000,0.000000,0.000000,0.000000,1.000000,0.000000,-200.000000,100.000000,2275.00000,1.000000;;
  }
 }

 Frame cube288 {
  

  FrameTransformMatrix {
   1.000000,0.000000,0.000000,0.000000,0.000000,1.000000,0.000000,0.000000,0.000000,0.000000,1.000000,0.000000,-200.000000,63.000000,2450.00000,1.000000;;
  }
 }

 Frame cube297 {
  

  FrameTransformMatrix {
   1.000000,0.000000,0.000000,0.000000,0.000000,1.000000,0.000000,0.000000,0.000000,0.000000,1.000000,0.000000,-200.000000,100.000000,2450.00000,1.000000;;
  }
 }

 Frame cube302 {
  

  FrameTransformMatrix {
   1.000000,0.000000,0.000000,0.000000,0.000000,1.000000,0.000000,0.000000,0.000000,0.000000,1.000000,0.000000,-200.000000,63.000000,2275.00000,1.000000;;
  }
 }

 Frame cube305 {
  

  FrameTransformMatrix {
   1.000000,0.000000,0.000000,0.000000,0.000000,1.000000,0.000000,0.000000,0.000000,0.000000,1.000000,0.000000,-600.00000,63.000000,1925.00000,1.000000;;
  }
 }

 Frame cube306 {
  

  FrameTransformMatrix {
   1.000000,0.000000,0.000000,0.000000,0.000000,1.000000,0.000000,0.000000,0.000000,0.000000,1.000000,0.000000,-600.00000,100.000000,1925.00000,1.000000;;
  }
 }

 Frame cube311 {
  

  FrameTransformMatrix {
   1.000000,0.000000,0.000000,0.000000,0.000000,1.000000,0.000000,0.000000,0.000000,0.000000,1.000000,0.000000,-600.00000,63.000000,2100.00000,1.000000;;
  }
 }

 Frame cube316 {
  

  FrameTransformMatrix {
   1.000000,0.000000,0.000000,0.000000,0.000000,1.000000,0.000000,0.000000,0.000000,0.000000,1.000000,0.000000,-600.00000,100.000000,2100.00000,1.000000;;
  }
 }

 Frame cube319 {
  

  FrameTransformMatrix {
   1.000000,0.000000,0.000000,0.000000,0.000000,1.000000,0.000000,0.000000,0.000000,0.000000,1.000000,0.000000,-600.00000,100.000000,2275.00000,1.000000;;
  }
 }

 Frame cube325 {
  

  FrameTransformMatrix {
   1.000000,0.000000,0.000000,0.000000,0.000000,1.000000,0.000000,0.000000,0.000000,0.000000,1.000000,0.000000,-600.00000,63.000000,2275.00000,1.000000;;
  }
 }

 Frame cube328 {
  

  FrameTransformMatrix {
   1.000000,0.000000,0.000000,0.000000,0.000000,1.000000,0.000000,0.000000,0.000000,0.000000,1.000000,0.000000,-600.00000,63.000000,2450.00000,1.000000;;
  }
 }

 Frame cube335 {
  

  FrameTransformMatrix {
   1.000000,0.000000,0.000000,0.000000,0.000000,1.000000,0.000000,0.000000,0.000000,0.000000,1.000000,0.000000,-600.00000,100.000000,2450.00000,1.000000;;
  }
 }

 Frame cube358 {
  

  FrameTransformMatrix {
   1.000000,0.000000,0.000000,0.000000,0.000000,1.000000,0.000000,0.000000,0.000000,0.000000,1.000000,0.000000,-200.000000,187.000000,1925.00000,1.000000;;
  }
 }

 Frame cube364 {
  

  FrameTransformMatrix {
   1.000000,0.000000,0.000000,0.000000,0.000000,1.000000,0.000000,0.000000,0.000000,0.000000,1.000000,0.000000,-200.000000,187.000000,2100.00000,1.000000;;
  }
 }

 Frame cube368 {
  

  FrameTransformMatrix {
   1.000000,0.000000,0.000000,0.000000,0.000000,1.000000,0.000000,0.000000,0.000000,0.000000,1.000000,0.000000,-200.000000,224.000000,1925.00000,1.000000;;
  }
 }

 Frame cube371 {
  

  FrameTransformMatrix {
   1.000000,0.000000,0.000000,0.000000,0.000000,1.000000,0.000000,0.000000,0.000000,0.000000,1.000000,0.000000,-200.000000,224.000000,2100.00000,1.000000;;
  }
 }

 Frame cube374 {
  

  FrameTransformMatrix {
   1.000000,0.000000,0.000000,0.000000,0.000000,1.000000,0.000000,0.000000,0.000000,0.000000,1.000000,0.000000,-200.000000,224.000000,2275.00000,1.000000;;
  }
 }

 Frame cube378 {
  

  FrameTransformMatrix {
   1.000000,0.000000,0.000000,0.000000,0.000000,1.000000,0.000000,0.000000,0.000000,0.000000,1.000000,0.000000,-200.000000,187.000000,2450.00000,1.000000;;
  }
 }

 Frame cube387 {
  

  FrameTransformMatrix {
   1.000000,0.000000,0.000000,0.000000,0.000000,1.000000,0.000000,0.000000,0.000000,0.000000,1.000000,0.000000,-200.000000,224.000000,2450.00000,1.000000;;
  }
 }

 Frame cube391 {
  

  FrameTransformMatrix {
   1.000000,0.000000,0.000000,0.000000,0.000000,1.000000,0.000000,0.000000,0.000000,0.000000,1.000000,0.000000,-200.000000,187.000000,2275.00000,1.000000;;
  }
 }

 Frame cube393 {
  

  FrameTransformMatrix {
   1.000000,0.000000,0.000000,0.000000,0.000000,1.000000,0.000000,0.000000,0.000000,0.000000,1.000000,0.000000,-600.00000,187.000000,1925.00000,1.000000;;
  }
 }

 Frame cube394 {
  

  FrameTransformMatrix {
   1.000000,0.000000,0.000000,0.000000,0.000000,1.000000,0.000000,0.000000,0.000000,0.000000,1.000000,0.000000,-600.00000,224.000000,1925.00000,1.000000;;
  }
 }

 Frame cube399 {
  

  FrameTransformMatrix {
   1.000000,0.000000,0.000000,0.000000,0.000000,1.000000,0.000000,0.000000,0.000000,0.000000,1.000000,0.000000,-600.00000,187.000000,2100.00000,1.000000;;
  }
 }

 Frame cube404 {
  

  FrameTransformMatrix {
   1.000000,0.000000,0.000000,0.000000,0.000000,1.000000,0.000000,0.000000,0.000000,0.000000,1.000000,0.000000,-600.00000,224.000000,2100.00000,1.000000;;
  }
 }

 Frame cube407 {
  

  FrameTransformMatrix {
   1.000000,0.000000,0.000000,0.000000,0.000000,1.000000,0.000000,0.000000,0.000000,0.000000,1.000000,0.000000,-600.00000,224.000000,2275.00000,1.000000;;
  }
 }

 Frame cube413 {
  

  FrameTransformMatrix {
   1.000000,0.000000,0.000000,0.000000,0.000000,1.000000,0.000000,0.000000,0.000000,0.000000,1.000000,0.000000,-600.00000,187.000000,2275.00000,1.000000;;
  }
 }

 Frame cube416 {
  

  FrameTransformMatrix {
   1.000000,0.000000,0.000000,0.000000,0.000000,1.000000,0.000000,0.000000,0.000000,0.000000,1.000000,0.000000,-600.00000,187.000000,2450.00000,1.000000;;
  }
 }

 Frame cube423 {
  

  FrameTransformMatrix {
   1.000000,0.000000,0.000000,0.000000,0.000000,1.000000,0.000000,0.000000,0.000000,0.000000,1.000000,0.000000,-600.00000,224.000000,2450.00000,1.000000;;
  }
 }

 Frame cube1000 {
  

  FrameTransformMatrix {
   1.000000,0.000000,0.000000,0.000000,0.000000,1.000000,0.000000,0.000000,0.000000,0.000000,1.000000,0.000000,29.000000,50.000000,-5.000000,1.000000;;
  }

  Mesh cube1000_obj {
   36;
   -58.000000;-50.000000;1.000000;,
   0.000000;34.000000;1.000000;,
   0.000000;-50.000000;1.000000;,
   -58.000000;-50.000000;1.000000;,
   0.000000;-50.000000;2.000000;,
   -58.000000;-50.000000;2.000000;,
   -58.000000;-50.000000;1.000000;,
   -58.000000;34.000000;2.000000;,
   -58.000000;34.000000;1.000000;,
   0.000000;-50.000000;1.000000;,
   0.000000;34.000000;2.000000;,
   0.000000;-50.000000;2.000000;,
   -58.000000;34.000000;1.000000;,
   0.000000;34.000000;2.000000;,
   0.000000;34.000000;1.000000;,
   -58.000000;-50.000000;2.000000;,
   0.000000;34.000000;2.000000;,
   -58.000000;34.000000;2.000000;,
   -58.000000;34.000000;1.000000;,
   0.000000;34.000000;1.000000;,
   -58.000000;-50.000000;1.000000;,
   0.000000;-50.000000;1.000000;,
   0.000000;-50.000000;2.000000;,
   -58.000000;-50.000000;1.000000;,
   -58.000000;-50.000000;2.000000;,
   -58.000000;34.000000;2.000000;,
   -58.000000;-50.000000;1.000000;,
   0.000000;34.000000;1.000000;,
   0.000000;34.000000;2.000000;,
   0.000000;-50.000000;1.000000;,
   -58.000000;34.000000;2.000000;,
   0.000000;34.000000;2.000000;,
   -58.000000;34.000000;1.000000;,
   0.000000;-50.000000;2.000000;,
   0.000000;34.000000;2.000000;,
   -58.000000;-50.000000;2.000000;;
   12;
   3;0,1,2;,
   3;3,4,5;,
   3;6,7,8;,
   3;9,10,11;,
   3;12,13,14;,
   3;15,16,17;,
   3;18,19,20;,
   3;21,22,23;,
   3;24,25,26;,
   3;27,28,29;,
   3;30,31,32;,
   3;33,34,35;;

   MeshNormals {
    36;
    0.000000;0.000000;-1.000000;,
    0.000000;0.000000;-1.000000;,
    0.000000;0.000000;-1.000000;,
    0.000000;-1.000000;0.000000;,
    0.000000;-1.000000;0.000000;,
    0.000000;-1.000000;0.000000;,
    -1.000000;0.000000;0.000000;,
    -1.000000;0.000000;0.000000;,
    -1.000000;0.000000;0.000000;,
    1.000000;0.000000;0.000000;,
    1.000000;0.000000;0.000000;,
    1.000000;0.000000;0.000000;,
    0.000000;1.000000;0.000000;,
    0.000000;1.000000;0.000000;,
    0.000000;1.000000;0.000000;,
    0.000000;0.000000;1.000000;,
    0.000000;0.000000;1.000000;,
    0.000000;0.000000;1.000000;,
    0.000000;0.000000;-1.000000;,
    0.000000;0.000000;-1.000000;,
    0.000000;0.000000;-1.000000;,
    0.000000;-1.000000;0.000000;,
    0.000000;-1.000000;0.000000;,
    0.000000;-1.000000;0.000000;,
    -1.000000;0.000000;0.000000;,
    -1.000000;0.000000;0.000000;,
    -1.000000;0.000000;0.000000;,
    1.000000;0.000000;0.000000;,
    1.000000;0.000000;0.000000;,
    1.000000;0.000000;0.000000;,
    0.000000;1.000000;0.000000;,
    0.000000;1.000000;0.000000;,
    0.000000;1.000000;0.000000;,
    0.000000;0.000000;1.000000;,
    0.000000;0.000000;1.000000;,
    0.000000;0.000000;1.000000;;
    12;
    3;0,1,2;,
    3;3,4,5;,
    3;6,7,8;,
    3;9,10,11;,
    3;12,13,14;,
    3;15,16,17;,
    3;18,19,20;,
    3;21,22,23;,
    3;24,25,26;,
    3;27,28,29;,
    3;30,31,32;,
    3;33,34,35;;
   }

   MeshTextureCoords {
    36;
    -0.047507;-0.009269;,
    -0.950537;-0.970059;,
    -0.950537;-0.009269;,
    -0.040807;-0.489067;,
    -0.963105;-0.500384;,
    -0.040807;-0.500384;,
    -0.494005;-0.019392;,
    -0.509907;-0.970059;,
    -0.494005;-0.970059;,
    -0.509907;-0.019392;,
    -0.494005;-0.970059;,
    -0.494005;-0.019392;,
    -0.040807;-0.500384;,
    -0.963105;-0.489067;,
    -0.963105;-0.500384;,
    -0.047507;-0.009269;,
    -0.950537;-0.971506;,
    -0.047507;-0.971506;,
    -0.047507;-0.970059;,
    -0.950537;-0.970059;,
    -0.047507;-0.009269;,
    -0.963105;-0.489067;,
    -0.963105;-0.500384;,
    -0.040807;-0.489067;,
    -0.509907;-0.019392;,
    -0.509907;-0.970059;,
    -0.494005;-0.019392;,
    -0.509907;-0.970059;,
    -0.494005;-0.970059;,
    -0.509907;-0.019392;,
    -0.040807;-0.489067;,
    -0.963105;-0.489067;,
    -0.040807;-0.500384;,
    -0.950537;-0.009269;,
    -0.950537;-0.971506;,
    -0.047507;-0.009269;;
   }

   MeshMaterialList {
    1;
    12;
    0,
    0,
    0,
    0,
    0,
    0,
    0,
    0,
    0,
    0,
    0,
    0;

    Material DefaultLib_Material20 {
     0.700000;0.700000;0.700000;1.000000;;
     50.000000;
     1.000000;1.000000;1.000000;;
     0.000000;0.000000;0.000000;;

     TextureFilename {
      "Blue_door_D.dds";
     }
    }
   }
  }
 }
}

AnimationSet {
 

 Animation {
  

  AnimationKey {
   4;
   100;
   0;16;1.000000,0.000000,0.000000,0.000000,0.000000,1.000000,0.000000,0.000000,0.000000,0.000000,1.000000,0.000000,29.000000,50.000000,-5.000000,1.000000;;,
   1;16;0.999998,0.000000,0.001786,0.000000,0.000000,1.000000,0.000000,0.000000,-0.001786,0.000000,0.999998,0.000000,29.000000,50.000000,-5.000000,1.000000;;,
   2;16;0.999975,0.000000,0.007047,0.000000,0.000000,1.000000,0.000000,0.000000,-0.007047,0.000000,0.999975,0.000000,29.000000,50.000000,-5.000000,1.000000;;,
   3;16;0.999878,0.000000,0.015632,0.000000,0.000000,1.000000,0.000000,0.000000,-0.015632,0.000000,0.999878,0.000000,29.000000,50.000000,-5.000000,1.000000;;,
   4;16;0.999625,0.000000,0.027395,0.000000,0.000000,1.000000,0.000000,0.000000,-0.027395,0.000000,0.999625,0.000000,29.000000,50.000000,-5.000000,1.000000;;,
   5;16;0.999110,0.000000,0.042181,0.000000,0.000000,1.000000,0.000000,0.000000,-0.042181,0.000000,0.999110,0.000000,29.000000,50.000000,-5.000000,1.000000;;,
   6;16;0.998208,0.000000,0.059836,0.000000,0.000000,1.000000,0.000000,0.000000,-0.059836,0.000000,0.998208,0.000000,29.000000,50.000000,-5.000000,1.000000;;,
   7;16;0.996779,0.000000,0.080198,0.000000,0.000000,1.000000,0.000000,0.000000,-0.080198,0.000000,0.996779,0.000000,29.000000,50.000000,-5.000000,1.000000;;,
   8;16;0.994671,0.000000,0.103101,0.000000,0.000000,1.000000,0.000000,0.000000,-0.103101,0.000000,0.994671,0.000000,29.000000,50.000000,-5.000000,1.000000;;,
   9;16;0.991727,0.000000,0.128368,0.000000,0.000000,1.000000,0.000000,0.000000,-0.128368,0.000000,0.991727,0.000000,29.000000,50.000000,-5.000000,1.000000;;,
   10;16;0.987786,0.000000,0.155817,0.000000,0.000000,1.000000,0.000000,0.000000,-0.155817,0.000000,0.987786,0.000000,29.000000,50.000000,-5.000000,1.000000;;,
   11;16;0.982691,0.000000,0.185252,0.000000,0.000000,1.000000,0.000000,0.000000,-0.185252,0.000000,0.982691,0.000000,29.000000,50.000000,-5.000000,1.000000;;,
   12;16;0.976289,0.000000,0.216471,0.000000,0.000000,1.000000,0.000000,0.000000,-0.216471,0.000000,0.976289,0.000000,29.000000,50.000000,-5.000000,1.000000;;,
   13;16;0.968437,0.000000,0.249260,0.000000,0.000000,1.000000,0.000000,0.000000,-0.249260,0.000000,0.968437,0.000000,29.000000,50.000000,-5.000000,1.000000;;,
   14;16;0.959003,0.000000,0.283396,0.000000,0.000000,1.000000,0.000000,0.000000,-0.283396,0.000000,0.959003,0.000000,29.000000,50.000000,-5.000000,1.000000;;,
   15;16;0.947873,0.000000,0.318649,0.000000,0.000000,1.000000,0.000000,0.000000,-0.318649,0.000000,0.947873,0.000000,29.000000,50.000000,-5.000000,1.000000;;,
   16;16;0.934950,0.000000,0.354779,0.000000,0.000000,1.000000,0.000000,0.000000,-0.354779,0.000000,0.934950,0.000000,29.000000,50.000000,-5.000000,1.000000;;,
   17;16;0.920159,0.000000,0.391544,0.000000,0.000000,1.000000,0.000000,0.000000,-0.391544,0.000000,0.920159,0.000000,29.000000,50.000000,-5.000000,1.000000;;,
   18;16;0.903449,0.000000,0.428696,0.000000,0.000000,1.000000,0.000000,0.000000,-0.428696,0.000000,0.903449,0.000000,29.000000,50.000000,-5.000000,1.000000;;,
   19;16;0.884792,0.000000,0.465986,0.000000,0.000000,1.000000,0.000000,0.000000,-0.465986,0.000000,0.884792,0.000000,29.000000,50.000000,-5.000000,1.000000;;,
   20;16;0.864188,0.000000,0.503170,0.000000,0.000000,1.000000,0.000000,0.000000,-0.503170,0.000000,0.864188,0.000000,29.000000,50.000000,-5.000000,1.000000;;,
   21;16;0.841663,0.000000,0.540004,0.000000,0.000000,1.000000,0.000000,0.000000,-0.540004,0.000000,0.841663,0.000000,29.000000,50.000000,-5.000000,1.000000;;,
   22;16;0.817271,0.000000,0.576254,0.000000,0.000000,1.000000,0.000000,0.000000,-0.576254,0.000000,0.817271,0.000000,29.000000,50.000000,-5.000000,1.000000;;,
   23;16;0.791092,0.000000,0.611697,0.000000,0.000000,1.000000,0.000000,0.000000,-0.611697,0.000000,0.791092,0.000000,29.000000,50.000000,-5.000000,1.000000;;,
   24;16;0.763235,0.000000,0.646121,0.000000,0.000000,1.000000,0.000000,0.000000,-0.646121,0.000000,0.763235,0.000000,29.000000,50.000000,-5.000000,1.000000;;,
   25;16;0.733831,0.000000,0.679333,0.000000,0.000000,1.000000,0.000000,0.000000,-0.679333,0.000000,0.733831,0.000000,29.000000,50.000000,-5.000000,1.000000;;,
   26;16;0.703035,0.000000,0.711155,0.000000,0.000000,1.000000,0.000000,0.000000,-0.711155,0.000000,0.703035,0.000000,29.000000,50.000000,-5.000000,1.000000;;,
   27;16;0.671025,0.000000,0.741435,0.000000,0.000000,1.000000,0.000000,0.000000,-0.741435,0.000000,0.671025,0.000000,29.000000,50.000000,-5.000000,1.000000;;,
   28;16;0.637997,0.000000,0.770039,0.000000,0.000000,1.000000,0.000000,0.000000,-0.770039,0.000000,0.637997,0.000000,29.000000,50.000000,-5.000000,1.000000;;,
   29;16;0.604163,0.000000,0.796861,0.000000,0.000000,1.000000,0.000000,0.000000,-0.796861,0.000000,0.604163,0.000000,29.000000,50.000000,-5.000000,1.000000;;,
   30;16;0.569750,0.000000,0.821818,0.000000,0.000000,1.000000,0.000000,0.000000,-0.821818,0.000000,0.569750,0.000000,29.000000,50.000000,-5.000000,1.000000;;,
   31;16;0.534994,0.000000,0.844856,0.000000,0.000000,1.000000,0.000000,0.000000,-0.844856,0.000000,0.534994,0.000000,29.000000,50.000000,-5.000000,1.000000;;,
   32;16;0.500140,0.000000,0.865944,0.000000,0.000000,1.000000,0.000000,0.000000,-0.865944,0.000000,0.500140,0.000000,29.000000,50.000000,-5.000000,1.000000;;,
   33;16;0.465439,0.000000,0.885080,0.000000,0.000000,1.000000,0.000000,0.000000,-0.885080,0.000000,0.465439,0.000000,29.000000,50.000000,-5.000000,1.000000;;,
   34;16;0.431140,0.000000,0.902285,0.000000,0.000000,1.000000,0.000000,0.000000,-0.902285,0.000000,0.431140,0.000000,29.000000,50.000000,-5.000000,1.000000;;,
   35;16;0.397495,0.000000,0.917604,0.000000,0.000000,1.000000,0.000000,0.000000,-0.917604,0.000000,0.397495,0.000000,29.000000,50.000000,-5.000000,1.000000;;,
   36;16;0.364753,0.000000,0.931104,0.000000,0.000000,1.000000,0.000000,0.000000,-0.931104,0.000000,0.364753,0.000000,29.000000,50.000000,-5.000000,1.000000;;,
   37;16;0.333157,0.000000,0.942871,0.000000,0.000000,1.000000,0.000000,0.000000,-0.942871,0.000000,0.333157,0.000000,29.000000,50.000000,-5.000000,1.000000;;,
   38;16;0.302944,0.000000,0.953008,0.000000,0.000000,1.000000,0.000000,0.000000,-0.953008,0.000000,0.302944,0.000000,29.000000,50.000000,-5.000000,1.000000;;,
   39;16;0.274343,0.000000,0.961632,0.000000,0.000000,1.000000,0.000000,0.000000,-0.961632,0.000000,0.274343,0.000000,29.000000,50.000000,-5.000000,1.000000;;,
   40;16;0.247574,0.000000,0.968869,0.000000,0.000000,1.000000,0.000000,0.000000,-0.968869,0.000000,0.247574,0.000000,29.000000,50.000000,-5.000000,1.000000;;,
   41;16;0.222850,0.000000,0.974853,0.000000,0.000000,1.000000,0.000000,0.000000,-0.974853,0.000000,0.222850,0.000000,29.000000,50.000000,-5.000000,1.000000;;,
   42;16;0.200371,0.000000,0.979720,0.000000,0.000000,1.000000,0.000000,0.000000,-0.979720,0.000000,0.200371,0.000000,29.000000,50.000000,-5.000000,1.000000;;,
   43;16;0.180332,0.000000,0.983606,0.000000,0.000000,1.000000,0.000000,0.000000,-0.983606,0.000000,0.180332,0.000000,29.000000,50.000000,-5.000000,1.000000;;,
   44;16;0.162916,0.000000,0.986640,0.000000,0.000000,1.000000,0.000000,0.000000,-0.986640,0.000000,0.162916,0.000000,29.000000,50.000000,-5.000000,1.000000;;,
   45;16;0.148301,0.000000,0.988942,0.000000,0.000000,1.000000,0.000000,0.000000,-0.988942,0.000000,0.148301,0.000000,29.000000,50.000000,-5.000000,1.000000;;,
   46;16;0.136656,0.000000,0.990619,0.000000,0.000000,1.000000,0.000000,0.000000,-0.990619,0.000000,0.136656,0.000000,29.000000,50.000000,-5.000000,1.000000;;,
   47;16;0.128146,0.000000,0.991755,0.000000,0.000000,1.000000,0.000000,0.000000,-0.991755,0.000000,0.128146,0.000000,29.000000,50.000000,-5.000000,1.000000;;,
   48;16;0.122927,0.000000,0.992416,0.000000,0.000000,1.000000,0.000000,0.000000,-0.992416,0.000000,0.122927,0.000000,29.000000,50.000000,-5.000000,1.000000;;,
   49;16;0.121154,0.000000,0.992634,0.000000,0.000000,1.000000,0.000000,0.000000,-0.992634,0.000000,0.121154,0.000000,29.000000,50.000000,-5.000000,1.000000;;,
   50;16;0.122857,0.000000,0.992424,0.000000,0.000000,1.000000,0.000000,0.000000,-0.992424,0.000000,0.122857,0.000000,29.000000,50.000000,-5.000000,1.000000;;,
   51;16;0.127873,0.000000,0.991791,0.000000,0.000000,1.000000,0.000000,0.000000,-0.991791,0.000000,0.127873,0.000000,29.000000,50.000000,-5.000000,1.000000;;,
   52;16;0.136056,0.000000,0.990701,0.000000,0.000000,1.000000,0.000000,0.000000,-0.990701,0.000000,0.136056,0.000000,29.000000,50.000000,-5.000000,1.000000;;,
   53;16;0.147258,0.000000,0.989098,0.000000,0.000000,1.000000,0.000000,0.000000,-0.989098,0.000000,0.147258,0.000000,29.000000,50.000000,-5.000000,1.000000;;,
   54;16;0.161326,0.000000,0.986901,0.000000,0.000000,1.000000,0.000000,0.000000,-0.986901,0.000000,0.161326,0.000000,29.000000,50.000000,-5.000000,1.000000;;,
   55;16;0.178100,0.000000,0.984012,0.000000,0.000000,1.000000,0.000000,0.000000,-0.984012,0.000000,0.178100,0.000000,29.000000,50.000000,-5.000000,1.000000;;,
   56;16;0.197414,0.000000,0.980320,0.000000,0.000000,1.000000,0.000000,0.000000,-0.980320,0.000000,0.197414,0.000000,29.000000,50.000000,-5.000000,1.000000;;,
   57;16;0.219097,0.000000,0.975703,0.000000,0.000000,1.000000,0.000000,0.000000,-0.975703,0.000000,0.219097,0.000000,29.000000,50.000000,-5.000000,1.000000;;,
   58;16;0.242967,0.000000,0.970035,0.000000,0.000000,1.000000,0.000000,0.000000,-0.970035,0.000000,0.242967,0.000000,29.000000,50.000000,-5.000000,1.000000;;,
   59;16;0.268836,0.000000,0.963186,0.000000,0.000000,1.000000,0.000000,0.000000,-0.963186,0.000000,0.268836,0.000000,29.000000,50.000000,-5.000000,1.000000;;,
   60;16;0.296506,0.000000,0.955031,0.000000,0.000000,1.000000,0.000000,0.000000,-0.955031,0.000000,0.296506,0.000000,29.000000,50.000000,-5.000000,1.000000;;,
   61;16;0.325771,0.000000,0.945449,0.000000,0.000000,1.000000,0.000000,0.000000,-0.945449,0.000000,0.325771,0.000000,29.000000,50.000000,-5.000000,1.000000;;,
   62;16;0.356419,0.000000,0.934326,0.000000,0.000000,1.000000,0.000000,0.000000,-0.934326,0.000000,0.356419,0.000000,29.000000,50.000000,-5.000000,1.000000;;,
   63;16;0.388226,0.000000,0.921564,0.000000,0.000000,1.000000,0.000000,0.000000,-0.921564,0.000000,0.388226,0.000000,29.000000,50.000000,-5.000000,1.000000;;,
   64;16;0.420966,0.000000,0.907076,0.000000,0.000000,1.000000,0.000000,0.000000,-0.907076,0.000000,0.420966,0.000000,29.000000,50.000000,-5.000000,1.000000;;,
   65;16;0.454407,0.000000,0.890794,0.000000,0.000000,1.000000,0.000000,0.000000,-0.890794,0.000000,0.454407,0.000000,29.000000,50.000000,-5.000000,1.000000;;,
   66;16;0.488312,0.000000,0.872669,0.000000,0.000000,1.000000,0.000000,0.000000,-0.872669,0.000000,0.488312,0.000000,29.000000,50.000000,-5.000000,1.000000;;,
   67;16;0.522445,0.000000,0.852673,0.000000,0.000000,1.000000,0.000000,0.000000,-0.852673,0.000000,0.522445,0.000000,29.000000,50.000000,-5.000000,1.000000;;,
   68;16;0.556570,0.000000,0.830801,0.000000,0.000000,1.000000,0.000000,0.000000,-0.830801,0.000000,0.556570,0.000000,29.000000,50.000000,-5.000000,1.000000;;,
   69;16;0.590454,0.000000,0.807071,0.000000,0.000000,1.000000,0.000000,0.000000,-0.807071,0.000000,0.590454,0.000000,29.000000,50.000000,-5.000000,1.000000;;,
   70;16;0.623872,0.000000,0.781527,0.000000,0.000000,1.000000,0.000000,0.000000,-0.781527,0.000000,0.623872,0.000000,29.000000,50.000000,-5.000000,1.000000;;,
   71;16;0.656606,0.000000,0.754234,0.000000,0.000000,1.000000,0.000000,0.000000,-0.754234,0.000000,0.656606,0.000000,29.000000,50.000000,-5.000000,1.000000;;,
   72;16;0.688450,0.000000,0.725284,0.000000,0.000000,1.000000,0.000000,0.000000,-0.725284,0.000000,0.688450,0.000000,29.000000,50.000000,-5.000000,1.000000;;,
   73;16;0.719212,0.000000,0.694791,0.000000,0.000000,1.000000,0.000000,0.000000,-0.694791,0.000000,0.719212,0.000000,29.000000,50.000000,-5.000000,1.000000;;,
   74;16;0.748717,0.000000,0.662890,0.000000,0.000000,1.000000,0.000000,0.000000,-0.662890,0.000000,0.748717,0.000000,29.000000,50.000000,-5.000000,1.000000;;,
   75;16;0.776808,0.000000,0.629737,0.000000,0.000000,1.000000,0.000000,0.000000,-0.629737,0.000000,0.776808,0.000000,29.000000,50.000000,-5.000000,1.000000;;,
   76;16;0.803350,0.000000,0.595507,0.000000,0.000000,1.000000,0.000000,0.000000,-0.595507,0.000000,0.803350,0.000000,29.000000,50.000000,-5.000000,1.000000;;,
   77;16;0.828229,0.000000,0.560390,0.000000,0.000000,1.000000,0.000000,0.000000,-0.560390,0.000000,0.828229,0.000000,29.000000,50.000000,-5.000000,1.000000;;,
   78;16;0.851354,0.000000,0.524591,0.000000,0.000000,1.000000,0.000000,0.000000,-0.524591,0.000000,0.851354,0.000000,29.000000,50.000000,-5.000000,1.000000;;,
   79;16;0.872662,0.000000,0.488325,0.000000,0.000000,1.000000,0.000000,0.000000,-0.488325,0.000000,0.872662,0.000000,29.000000,50.000000,-5.000000,1.000000;;,
   80;16;0.892112,0.000000,0.451815,0.000000,0.000000,1.000000,0.000000,0.000000,-0.451815,0.000000,0.892112,0.000000,29.000000,50.000000,-5.000000,1.000000;;,
   81;16;0.909688,0.000000,0.415292,0.000000,0.000000,1.000000,0.000000,0.000000,-0.415292,0.000000,0.909688,0.000000,29.000000,50.000000,-5.000000,1.000000;;,
   82;16;0.925402,0.000000,0.378988,0.000000,0.000000,1.000000,0.000000,0.000000,-0.378988,0.000000,0.925402,0.000000,29.000000,50.000000,-5.000000,1.000000;;,
   83;16;0.939285,0.000000,0.343137,0.000000,0.000000,1.000000,0.000000,0.000000,-0.343137,0.000000,0.939285,0.000000,29.000000,50.000000,-5.000000,1.000000;;,
   84;16;0.951396,0.000000,0.307970,0.000000,0.000000,1.000000,0.000000,0.000000,-0.307970,0.000000,0.951396,0.000000,29.000000,50.000000,-5.000000,1.000000;;,
   85;16;0.961811,0.000000,0.273715,0.000000,0.000000,1.000000,0.000000,0.000000,-0.273715,0.000000,0.961811,0.000000,29.000000,50.000000,-5.000000,1.000000;;,
   86;16;0.970625,0.000000,0.240596,0.000000,0.000000,1.000000,0.000000,0.000000,-0.240596,0.000000,0.970625,0.000000,29.000000,50.000000,-5.000000,1.000000;;,
   87;16;0.977953,0.000000,0.208827,0.000000,0.000000,1.000000,0.000000,0.000000,-0.208827,0.000000,0.977953,0.000000,29.000000,50.000000,-5.000000,1.000000;;,
   88;16;0.983919,0.000000,0.178616,0.000000,0.000000,1.000000,0.000000,0.000000,-0.178616,0.000000,0.983919,0.000000,29.000000,50.000000,-5.000000,1.000000;;,
   89;16;0.988661,0.000000,0.150162,0.000000,0.000000,1.000000,0.000000,0.000000,-0.150162,0.000000,0.988661,0.000000,29.000000,50.000000,-5.000000,1.000000;;,
   90;16;0.992325,0.000000,0.123654,0.000000,0.000000,1.000000,0.000000,0.000000,-0.123654,0.000000,0.992325,0.000000,29.000000,50.000000,-5.000000,1.000000;;,
   91;16;0.995060,0.000000,0.099273,0.000000,0.000000,1.000000,0.000000,0.000000,-0.099273,0.000000,0.995060,0.000000,29.000000,50.000000,-5.000000,1.000000;;,
   92;16;0.997016,0.000000,0.077191,0.000000,0.000000,1.000000,0.000000,0.000000,-0.077191,0.000000,0.997016,0.000000,29.000000,50.000000,-5.000000,1.000000;;,
   93;16;0.998341,0.000000,0.057571,0.000000,0.000000,1.000000,0.000000,0.000000,-0.057571,0.000000,0.998341,0.000000,29.000000,50.000000,-5.000000,1.000000;;,
   94;16;0.999177,0.000000,0.040570,0.000000,0.000000,1.000000,0.000000,0.000000,-0.040570,0.000000,0.999177,0.000000,29.000000,50.000000,-5.000000,1.000000;;,
   95;16;0.999653,0.000000,0.026340,0.000000,0.000000,1.000000,0.000000,0.000000,-0.026340,0.000000,0.999653,0.000000,29.000000,50.000000,-5.000000,1.000000;;,
   96;16;0.999887,0.000000,0.015026,0.000000,0.000000,1.000000,0.000000,0.000000,-0.015026,0.000000,0.999887,0.000000,29.000000,50.000000,-5.000000,1.000000;;,
   97;16;0.999977,0.000000,0.006771,0.000000,0.000000,1.000000,0.000000,0.000000,-0.006771,0.000000,0.999977,0.000000,29.000000,50.000000,-5.000000,1.000000;;,
   98;16;0.999999,0.000000,0.001716,0.000000,0.000000,1.000000,0.000000,0.000000,-0.001716,0.000000,0.999999,0.000000,29.000000,50.000000,-5.000000,1.000000;;,
   99;16;1.000000,0.000000,0.000000,0.000000,0.000000,1.000000,0.000000,0.000000,0.000000,0.000000,1.000000,0.000000,29.000000,50.000000,-5.000000,1.000000;;;
  }
  { cube1000 }
 }
}