xof 0303txt 0032
template Frame {
 <3d82ab46-62da-11cf-ab39-0020af71e433>
 [...]
}

template Matrix4x4 {
 <f6f23f45-7686-11cf-8f52-0040333594a3>
 array FLOAT matrix[16];
}

template FrameTransformMatrix {
 <f6f23f41-7686-11cf-8f52-0040333594a3>
 Matrix4x4 frameMatrix;
}

template ObjectMatrixComment {
 <95a48e28-7ef4-4419-a16a-ba9dbdf0d2bc>
 Matrix4x4 objectMatrix;
}

template Vector {
 <3d82ab5e-62da-11cf-ab39-0020af71e433>
 FLOAT x;
 FLOAT y;
 FLOAT z;
}

template MeshFace {
 <3d82ab5f-62da-11cf-ab39-0020af71e433>
 DWORD nFaceVertexIndices;
 array DWORD faceVertexIndices[nFaceVertexIndices];
}

template Mesh {
 <3d82ab44-62da-11cf-ab39-0020af71e433>
 DWORD nVertices;
 array Vector vertices[nVertices];
 DWORD nFaces;
 array MeshFace faces[nFaces];
 [...]
}

template MeshNormals {
 <f6f23f43-7686-11cf-8f52-0040333594a3>
 DWORD nNormals;
 array Vector normals[nNormals];
 DWORD nFaceNormals;
 array MeshFace faceNormals[nFaceNormals];
}

template Coords2d {
 <f6f23f44-7686-11cf-8f52-0040333594a3>
 FLOAT u;
 FLOAT v;
}

template MeshTextureCoords {
 <f6f23f40-7686-11cf-8f52-0040333594a3>
 DWORD nTextureCoords;
 array Coords2d textureCoords[nTextureCoords];
}

template XSkinMeshHeader {
 <3cf169ce-ff7c-44ab-93c0-f78f62d172e2>
 WORD nMaxSkinWeightsPerVertex;
 WORD nMaxSkinWeightsPerFace;
 WORD nBones;
}

template SkinWeights {
 <6f0d123b-bad2-4167-a0d0-80224f25fabb>
 STRING transformNodeName;
 DWORD nWeights;
 array DWORD vertexIndices[nWeights];
 array FLOAT weights[nWeights];
 Matrix4x4 matrixOffset;
}

template AnimTicksPerSecond {
 <9e415a43-7ba6-4a73-8743-b73d47e88476>
 DWORD AnimTicksPerSecond;
}

template Animation {
 <3d82ab4f-62da-11cf-ab39-0020af71e433>
 [...]
}

template AnimationSet {
 <3d82ab50-62da-11cf-ab39-0020af71e433>
 [Animation <3d82ab4f-62da-11cf-ab39-0020af71e433>]
}

template FloatKeys {
 <10dd46a9-775b-11cf-8f52-0040333594a3>
 DWORD nValues;
 array FLOAT values[nValues];
}

template TimedFloatKeys {
 <f406b180-7b3b-11cf-8f52-0040333594a3>
 DWORD time;
 FloatKeys tfkeys;
}

template AnimationKey {
 <10dd46a8-775b-11cf-8f52-0040333594a3>
 DWORD keyType;
 DWORD nKeys;
 array TimedFloatKeys keys[nKeys];
}


Frame Bip01 {
 

 FrameTransformMatrix relative {
  0.000001,0.000000,-1.000000,0.000000,0.000000,1.000000,0.000000,0.000000,1.000000,0.000000,0.000001,0.000000,2.280000,-24.550000,-0.360000,1.000000;;
 }

 ObjectMatrixComment object {
  0.173525,0.000000,0.000000,0.000000,0.000000,0.173525,0.000000,0.000000,0.000000,0.000000,0.173525,0.000000,0.000000,0.000000,0.000000,1.000000;;
 }

 Frame Bip01_Pelvis {
  

  FrameTransformMatrix relative {
   0.000000,1.000000,-0.000001,0.000000,-0.000001,0.000001,1.000000,0.000000,1.000000,0.000000,0.000001,0.000000,0.000000,0.000000,0.000000,1.000000;;
  }

  ObjectMatrixComment object {
   8.676257,-0.000000,0.000000,0.000000,-0.000000,6.941010,0.000000,0.000000,0.000000,0.000000,8.676257,0.000000,0.000000,0.000000,0.000000,1.000000;;
  }

  Frame Bip01_Spine {
   

   FrameTransformMatrix relative {
    1.000000,0.000001,0.000796,0.000000,-0.000001,1.000000,0.000004,0.000000,-0.000796,-0.000004,1.000000,0.000000,3.991085,0.000005,-0.014371,1.000000;;
   }

   ObjectMatrixComment object {
    18.046619,-0.000000,0.000000,0.000000,0.000000,18.046619,0.000000,0.000000,0.000000,-0.000000,18.046619,0.000000,0.000000,0.000000,0.000000,1.000000;;
   }

   Frame Bip01_Neck {
    

    FrameTransformMatrix relative {
     1.000000,-0.000000,0.000000,0.000000,0.000000,1.000000,0.000000,0.000000,0.000000,-0.000000,1.000000,0.000000,18.046619,0.000000,-0.002073,1.000000;;
    }

    ObjectMatrixComment object {
     2.602877,-0.000000,0.000000,0.000000,0.000000,4.511654,0.000000,0.000000,0.000000,-0.000000,4.511654,0.000000,0.000000,0.000000,-0.000000,1.000000;;
    }

    Frame Bip01_Head {
     

     FrameTransformMatrix relative {
      1.000000,-0.000000,-0.000798,0.000000,0.000000,1.000000,-0.000000,0.000000,0.000798,-0.000000,1.000000,0.000000,2.602877,0.000000,-0.000000,1.000000;;
     }

     ObjectMatrixComment object {
      8.155686,-0.000000,0.000000,0.000000,-0.000000,7.548349,0.000000,0.000000,0.000000,0.000000,8.155686,0.000000,0.000000,0.000000,0.000000,1.000000;;
     }

     Frame Bip01_HeadNub {
      

      FrameTransformMatrix relative {
       1.000000,0.000000,0.000000,0.000000,0.000000,1.000000,0.000000,0.000000,0.000000,0.000000,1.000000,0.000000,8.155686,0.000000,-0.000000,1.000000;;
      }

      ObjectMatrixComment object {
       0.943544,-0.000000,0.000000,0.000000,-0.000000,0.943544,0.000000,0.000000,0.000000,0.000000,0.943544,0.000000,0.000000,0.000000,-0.000000,1.000000;;
      }
     }
    }

    Frame Bip01_L_Clavicle {
     

     FrameTransformMatrix relative {
      -0.000000,1.000000,-0.000003,0.000000,1.000000,0.000000,-0.000796,0.000000,-0.000796,-0.000003,-1.000000,0.000000,0.000001,1.214676,0.002069,1.000000;;
     }

     ObjectMatrixComment object {
      6.654455,0.000000,0.000000,0.000000,0.000000,8.676257,0.000000,0.000000,0.000000,0.000000,11.279130,0.000000,0.000000,0.000000,0.000000,1.000000;;
     }

     Frame Bip01_L_UpperArm {
      

      FrameTransformMatrix relative {
       0.417363,-0.807520,0.416797,0.000000,0.890999,0.453819,-0.012961,0.000000,-0.178684,0.376775,0.908907,0.000000,6.654454,0.000000,0.000000,1.000000;;
      }

      ObjectMatrixComment object {
       13.256783,-0.000001,-0.000000,0.000000,-0.000001,17.923123,0.000000,0.000000,0.000001,-0.000000,15.960648,0.000000,-0.000000,-0.000000,0.000000,1.000000;;
      }

      Frame Bip01_L_Forearm {
       

       FrameTransformMatrix relative {
        0.993387,-0.000000,-0.114813,0.000000,-0.000000,1.000000,-0.000000,0.000000,0.114813,-0.000000,0.993387,0.000000,13.256783,-0.000001,0.000000,1.000000;;
       }

       ObjectMatrixComment object {
        12.481876,0.000000,-0.000000,0.000000,0.000000,12.104158,0.000000,0.000000,0.000000,-0.000000,12.599046,0.000000,0.000000,0.000001,-0.000001,1.000000;;
       }

       Frame Bip01_L_Hand {
        

        FrameTransformMatrix relative {
         0.933710,-0.247117,0.259073,0.000000,-0.293751,-0.115071,0.948931,0.000000,-0.204685,-0.962129,-0.180034,0.000000,12.481876,0.000001,-0.000002,1.000000;;
        }

        ObjectMatrixComment object {
         4.553092,0.000000,0.000000,0.000000,0.000000,4.613227,-0.000000,0.000000,-0.000000,0.000000,5.161656,0.000000,-0.000002,0.000001,0.000000,1.000000;;
        }

        Frame Bip01_L_Finger0 {
         

         FrameTransformMatrix relative {
          0.622091,-0.778128,-0.086707,0.000000,0.456228,0.450267,-0.767539,0.000000,0.636285,0.437921,0.635111,0.000000,1.498247,-2.184189,0.805331,1.000000;;
         }

         ObjectMatrixComment object {
          1.414163,0.000000,-0.000000,0.000000,-0.000000,1.240833,0.000000,0.000000,-0.000000,0.000000,1.084532,0.000000,-0.000002,0.000002,0.000001,1.000000;;
         }

         Frame Bip01_L_Finger01 {
          

          FrameTransformMatrix relative {
           0.996675,-0.000000,0.081482,0.000000,0.000000,1.000000,0.000000,0.000000,-0.081482,0.000000,0.996675,0.000000,1.414164,0.000002,0.000002,1.000000;;
          }

          ObjectMatrixComment object {
           1.050122,0.000000,0.000000,0.000000,0.000000,1.491657,0.000000,0.000000,-0.000000,0.000000,1.084532,0.000000,0.000000,0.000000,0.000002,1.000000;;
          }

          Frame Bip01_L_Finger02 {
           

           FrameTransformMatrix relative {
            0.914227,0.000000,-0.405203,0.000000,0.000000,1.000000,0.000000,0.000000,0.405203,-0.000000,0.914227,0.000000,1.050121,0.000000,-0.000000,1.000000;;
           }

           ObjectMatrixComment object {
            1.125311,0.000000,0.000000,0.000000,0.000000,1.555457,0.000000,0.000000,-0.000000,0.000000,1.084532,0.000000,0.000002,0.000002,-0.000001,1.000000;;
           }

           Frame Bip01_L_Finger0Nub {
            

            FrameTransformMatrix relative {
             1.000000,0.000000,0.000000,0.000000,-0.000000,1.000000,-0.000000,0.000000,-0.000000,0.000000,1.000000,0.000000,1.125315,0.000000,0.000001,1.000000;;
            }

            ObjectMatrixComment object {
             0.187552,0.000000,0.000000,0.000000,0.000000,0.388864,0.000000,0.000000,-0.000000,0.000000,0.271133,0.000000,0.000004,0.000000,0.000000,1.000000;;
            }
           }
          }
         }
        }

        Frame Bip01_L_Finger1 {
         

         FrameTransformMatrix relative {
          0.930526,-0.302419,-0.206553,0.000000,0.312920,0.949581,0.019410,0.000000,0.190269,-0.082696,0.978243,0.000000,4.800344,-1.578574,0.174576,1.000000;;
         }

         ObjectMatrixComment object {
          1.568176,0.000000,0.000000,0.000000,0.000000,1.301439,0.000000,0.000000,0.000000,0.000000,1.301439,0.000000,0.000000,0.000002,0.000001,1.000000;;
         }

         Frame Bip01_L_Finger11 {
          

          FrameTransformMatrix relative {
           1.000000,0.000000,0.000000,0.000000,0.000000,1.000000,0.000000,0.000000,-0.000000,0.000000,1.000000,0.000000,1.568176,0.000002,0.000001,1.000000;;
          }

          ObjectMatrixComment object {
           1.307232,0.000000,0.000000,0.000000,0.000000,1.301439,0.000000,0.000000,0.000000,0.000000,1.301439,0.000000,0.000000,0.000001,0.000000,1.000000;;
          }

          Frame Bip01_L_Finger12 {
           

           FrameTransformMatrix relative {
            1.000000,0.000000,0.000000,0.000000,0.000000,1.000000,0.000000,0.000000,-0.000000,0.000000,1.000000,0.000000,1.307232,0.000001,-0.000000,1.000000;;
           }

           ObjectMatrixComment object {
            0.915793,0.000000,0.000000,0.000000,0.000000,1.301439,0.000000,0.000000,0.000000,0.000000,1.301439,0.000000,-0.000004,0.000002,0.000000,1.000000;;
           }

           Frame Bip01_L_Finger1Nub {
            

            FrameTransformMatrix relative {
             1.000000,0.000000,0.000000,0.000000,0.000000,1.000000,0.000000,0.000000,-0.000000,0.000000,1.000000,0.000000,0.915791,0.000002,0.000001,1.000000;;
            }

            ObjectMatrixComment object {
             0.152632,0.000000,0.000000,0.000000,0.000000,0.325360,0.000000,0.000000,0.000000,0.000000,0.325360,0.000000,0.000004,0.000000,0.000001,1.000000;;
            }
           }
          }
         }
        }

        Frame Bip01_L_Finger2 {
         

         FrameTransformMatrix relative {
          0.973580,-0.034387,-0.225743,0.000000,0.035811,0.999357,0.002217,0.000000,0.225522,-0.010243,0.974184,0.000000,5.243441,-0.459307,0.154136,1.000000;;
         }

         ObjectMatrixComment object {
          1.746807,0.000000,-0.000000,0.000000,-0.000000,1.379125,-0.000000,0.000000,0.000000,-0.000000,1.518345,0.000000,0.000000,0.000000,-0.000001,1.000000;;
         }

         Frame Bip01_L_Finger21 {
          

          FrameTransformMatrix relative {
           1.000000,0.000000,-0.000000,0.000000,0.000000,1.000000,0.000000,0.000000,0.000000,-0.000000,1.000000,0.000000,1.746811,-0.000001,0.000001,1.000000;;
          }

          ObjectMatrixComment object {
           1.294169,0.000000,0.000000,0.000000,0.000000,1.518345,0.000000,0.000000,0.000000,-0.000000,1.518345,0.000000,0.000000,0.000000,0.000001,1.000000;;
          }

          Frame Bip01_L_Finger22 {
           

           FrameTransformMatrix relative {
            0.992195,0.000000,-0.124696,0.000000,0.000000,1.000000,0.000000,0.000000,0.124696,-0.000000,0.992195,0.000000,1.294170,0.000000,0.000000,1.000000;;
           }

           ObjectMatrixComment object {
            1.031239,0.000000,-0.000000,0.000000,0.000000,1.518345,-0.000000,0.000000,0.000000,0.000000,1.518345,0.000000,0.000000,-0.000003,0.000002,1.000000;;
           }

           Frame Bip01_L_Finger2Nub {
            

            FrameTransformMatrix relative {
             1.000000,0.000000,-0.000000,0.000000,-0.000000,1.000000,0.000000,0.000000,-0.000000,0.000000,1.000000,0.000000,1.031235,-0.000001,-0.000001,1.000000;;
            }

            ObjectMatrixComment object {
             0.171873,0.000000,0.000000,0.000000,0.000000,0.379586,-0.000000,0.000000,0.000000,0.000000,0.379586,0.000000,-0.000004,0.000001,-0.000001,1.000000;;
            }
           }
          }
         }
        }

        Frame Bip01_L_Finger3 {
         

         FrameTransformMatrix relative {
          0.980599,0.173394,-0.091433,0.000000,-0.165657,0.982394,0.086377,0.000000,0.104800,-0.069555,0.992058,0.000000,5.031443,0.594825,0.369458,1.000000;;
         }

         ObjectMatrixComment object {
          1.582664,-0.000000,0.000000,0.000000,0.000000,1.301439,0.000000,0.000000,-0.000000,0.000000,1.301439,0.000000,0.000002,0.000002,0.000001,1.000000;;
         }

         Frame Bip01_L_Finger31 {
          

          FrameTransformMatrix relative {
           0.996856,-0.000000,-0.079236,0.000000,0.000000,1.000000,0.000000,0.000000,0.079236,-0.000000,0.996856,0.000000,1.582665,0.000000,0.000002,1.000000;;
          }

          ObjectMatrixComment object {
           1.210428,0.000000,0.000000,0.000000,-0.000000,1.301439,-0.000000,0.000000,-0.000000,0.000000,1.301439,0.000000,0.000000,-0.000002,0.000000,1.000000;;
          }

          Frame Bip01_L_Finger32 {
           

           FrameTransformMatrix relative {
            0.990234,0.000000,-0.139414,0.000000,-0.000000,1.000000,-0.000000,0.000000,0.139414,0.000000,0.990234,0.000000,1.210430,0.000000,0.000000,1.000000;;
           }

           ObjectMatrixComment object {
            0.928687,-0.000000,0.000000,0.000000,0.000000,1.301439,0.000000,0.000000,0.000000,-0.000000,1.301439,0.000000,0.000000,0.000000,-0.000001,1.000000;;
           }

           Frame Bip01_L_Finger3Nub {
            

            FrameTransformMatrix relative {
             1.000000,-0.000000,-0.000000,0.000000,0.000000,1.000000,0.000000,0.000000,0.000000,-0.000000,1.000000,0.000000,0.928684,0.000000,-0.000001,1.000000;;
            }

            ObjectMatrixComment object {
             0.154781,-0.000000,0.000000,0.000000,0.000000,0.325360,0.000000,0.000000,0.000000,-0.000000,0.325360,0.000000,-0.000004,0.000000,-0.000001,1.000000;;
            }
           }
          }
         }
        }

        Frame Bip01_L_Finger4 {
         

         FrameTransformMatrix relative {
          0.772406,0.632204,-0.060900,0.000000,-0.632112,0.774530,0.023206,0.000000,0.061839,0.020571,0.997874,0.000000,4.476008,1.482502,0.726999,1.000000;;
         }

         ObjectMatrixComment object {
          1.075464,-0.000000,-0.000000,0.000000,0.000000,1.084532,-0.000000,0.000000,0.000000,-0.000000,1.084532,0.000000,0.000000,-0.000002,0.000002,1.000000;;
         }

         Frame Bip01_L_Finger41 {
          

          FrameTransformMatrix relative {
           1.000000,-0.000000,0.000000,0.000000,0.000000,1.000000,-0.000000,0.000000,0.000000,0.000000,1.000000,0.000000,1.075466,-0.000002,0.000002,1.000000;;
          }

          ObjectMatrixComment object {
           0.993057,-0.000000,0.000000,0.000000,0.000000,1.084532,-0.000000,0.000000,0.000000,-0.000000,1.084532,0.000000,0.000000,0.000000,0.000000,1.000000;;
          }

          Frame Bip01_L_Finger42 {
           

           FrameTransformMatrix relative {
            0.972383,0.000000,-0.233392,0.000000,0.000000,1.000000,-0.000000,0.000000,0.233392,-0.000000,0.972383,0.000000,0.993057,0.000002,-0.000002,1.000000;;
           }

           ObjectMatrixComment object {
            0.936177,0.000000,0.000000,0.000000,0.000000,1.084532,0.000000,0.000000,-0.000000,0.000000,1.084532,0.000000,-0.000002,0.000004,-0.000002,1.000000;;
           }

           Frame Bip01_L_Finger4Nub {
            

            FrameTransformMatrix relative {
             1.000000,0.000000,0.000000,0.000000,-0.000000,1.000000,0.000000,0.000000,-0.000000,-0.000000,1.000000,0.000000,0.936176,0.000002,-0.000001,1.000000;;
            }

            ObjectMatrixComment object {
             0.156030,0.000000,0.000000,0.000000,0.000000,0.271133,0.000000,0.000000,-0.000000,0.000000,0.271133,0.000000,0.000000,-0.000002,-0.000000,1.000000;;
            }
           }
          }
         }
        }
       }
      }

      Frame Bip01_L_ForeTwist {
       

       FrameTransformMatrix relative {
        0.993387,-0.000000,-0.114813,0.000000,0.002771,0.999709,0.023973,0.000000,0.114780,-0.024133,0.993098,0.000000,13.256783,-0.000001,0.000000,1.000000;;
       }

       ObjectMatrixComment object {
        3.120469,0.000000,-0.000000,0.000000,0.000000,12.104158,0.000000,0.000000,0.000000,-0.000000,12.599046,0.000000,0.000004,0.000001,-0.000001,1.000000;;
       }

       Frame Bip01_L_ForeTwist1 {
        

        FrameTransformMatrix relative {
         1.000000,0.000000,-0.000000,0.000000,-0.000000,0.999709,0.024133,0.000000,-0.000000,-0.024133,0.999709,0.000000,3.120472,0.000000,-0.000001,1.000000;;
        }

        ObjectMatrixComment object {
         3.120469,0.000000,-0.000000,0.000000,0.000000,12.104158,0.000000,0.000000,0.000000,-0.000000,12.599046,0.000000,0.000000,0.000000,0.000000,1.000000;;
        }

        Frame Bip01_L_ForeTwist2 {
         

         FrameTransformMatrix relative {
          1.000000,0.000000,-0.000000,0.000000,-0.000000,0.999709,0.024133,0.000000,0.000000,-0.024133,0.999709,0.000000,3.120470,-0.000002,0.000001,1.000000;;
         }

         ObjectMatrixComment object {
          3.120470,0.000000,0.000000,0.000000,-0.000000,12.104159,-0.000000,0.000000,-0.000000,0.000000,12.599048,0.000000,0.000004,0.000001,-0.000001,1.000000;;
         }

         Frame Bip01_L_ForeTwist3 {
          

          FrameTransformMatrix relative {
           1.000000,0.000000,0.000000,0.000000,-0.000000,0.999709,0.024133,0.000000,-0.000000,-0.024133,0.999709,0.000000,3.120472,0.000000,-0.000000,1.000000;;
          }

          ObjectMatrixComment object {
           3.120469,0.000000,-0.000000,0.000000,-0.000000,12.104158,0.000000,0.000000,0.000000,-0.000000,12.599046,0.000000,0.000000,0.000001,-0.000001,1.000000;;
          }
         }
        }
       }
      }
     }
    }

    Frame Bip01_R_Clavicle {
     

     FrameTransformMatrix relative {
      -0.000000,-1.000000,0.000003,0.000000,-1.000000,0.000000,0.000796,0.000000,-0.000796,-0.000003,-1.000000,0.000000,0.000001,-1.214676,0.002076,1.000000;;
     }

     ObjectMatrixComment object {
      6.654455,-0.000000,0.000000,0.000000,-0.000000,8.676257,-0.000000,0.000000,0.000000,0.000000,11.279130,0.000000,0.000000,0.000000,0.000000,1.000000;;
     }

     Frame Bip01_R_UpperArm {
      

      FrameTransformMatrix relative {
       0.296240,0.856504,-0.422662,0.000000,-0.728463,0.488820,0.479997,0.000000,0.617725,0.165699,0.768739,0.000000,6.654455,-0.000000,0.000000,1.000000;;
      }

      ObjectMatrixComment object {
       13.256783,0.000000,0.000000,0.000000,0.000000,17.923123,0.000000,0.000000,0.000000,0.000000,15.960646,0.000000,0.000000,-0.000000,-0.000000,1.000000;;
      }

      Frame Bip01_R_Forearm {
       

       FrameTransformMatrix relative {
        0.023551,-0.000000,-0.999723,0.000000,0.000000,1.000000,-0.000000,0.000000,0.999723,-0.000000,0.023551,0.000000,13.256785,-0.000000,0.000000,1.000000;;
       }

       ObjectMatrixComment object {
        12.481876,-0.000000,-0.000000,0.000000,0.000000,12.104158,0.000000,0.000000,0.000000,-0.000000,12.599046,0.000000,0.000000,0.000000,0.000000,1.000000;;
       }

       Frame Bip01_R_Hand {
        

        FrameTransformMatrix relative {
         0.999046,-0.043671,-0.000198,0.000000,-0.001198,-0.022883,-0.999737,0.000000,0.043655,0.998784,-0.022913,0.000000,12.481878,0.000000,0.000000,1.000000;;
        }

        ObjectMatrixComment object {
         4.553092,0.000000,0.000000,0.000000,-0.000000,4.613227,0.000000,0.000000,0.000000,0.000000,5.161657,0.000000,-0.000002,0.000000,-0.000000,1.000000;;
        }

        Frame Bip01_R_Finger0 {
         

         FrameTransformMatrix relative {
          0.644746,0.592679,0.482735,0.000000,-0.467243,-0.194237,0.862529,0.000000,0.604968,-0.781667,0.151692,0.000000,1.498249,2.184189,0.805332,1.000000;;
         }

         ObjectMatrixComment object {
          1.414163,-0.000000,-0.000000,0.000000,-0.000000,1.240833,-0.000000,0.000000,0.000000,0.000000,1.084532,0.000000,0.000000,0.000002,0.000000,1.000000;;
         }

         Frame Bip01_R_Finger01 {
          

          FrameTransformMatrix relative {
           0.823730,0.047273,0.565008,0.000000,-0.133557,0.984654,0.112330,0.000000,-0.551027,-0.167991,0.817403,0.000000,1.414163,0.000001,0.000000,1.000000;;
          }

          ObjectMatrixComment object {
           1.050122,0.000000,0.000000,0.000000,0.000000,1.491657,-0.000000,0.000000,0.000000,0.000000,1.084532,0.000000,0.000001,0.000001,0.000002,1.000000;;
          }

          Frame Bip01_R_Finger02 {
           

           FrameTransformMatrix relative {
            0.818516,0.036375,0.573332,0.000000,-0.119905,0.986831,0.108574,0.000000,-0.561832,-0.157615,0.812098,0.000000,1.050122,0.000001,0.000002,1.000000;;
           }

           ObjectMatrixComment object {
            1.125311,0.000000,-0.000000,0.000000,0.000000,1.555457,0.000000,0.000000,0.000000,0.000000,1.084532,0.000000,-0.000002,0.000001,0.000000,1.000000;;
           }

           Frame Bip01_R_Finger0Nub {
            

            FrameTransformMatrix relative {
             1.000000,0.000000,0.000000,0.000000,0.000000,-1.000000,0.000000,0.000000,0.000000,0.000000,1.000000,0.000000,1.125311,0.000001,0.000001,1.000000;;
            }

            ObjectMatrixComment object {
             0.187552,-0.000000,0.000000,0.000000,0.000000,0.388864,-0.000000,0.000000,0.000000,0.000000,0.271133,0.000000,-0.000002,-0.000000,0.000000,1.000000;;
            }
           }
          }
         }
        }

        Frame Bip01_R_Finger1 {
         

         FrameTransformMatrix relative {
          0.996424,0.053827,0.065123,0.000000,-0.039294,0.977592,-0.206806,0.000000,-0.074796,0.203507,0.976212,0.000000,4.800344,1.578573,0.174576,1.000000;;
         }

         ObjectMatrixComment object {
          1.568176,-0.000000,0.000000,0.000000,0.000000,1.301439,0.000000,0.000000,0.000000,-0.000000,1.301439,0.000000,0.000000,-0.000001,0.000000,1.000000;;
         }

         Frame Bip01_R_Finger11 {
          

          FrameTransformMatrix relative {
           0.644420,0.060120,0.762304,0.000000,0.174569,0.959012,-0.223206,0.000000,-0.744478,0.276913,0.607512,0.000000,1.568176,-0.000001,0.000000,1.000000;;
          }

          ObjectMatrixComment object {
           1.307232,-0.000000,0.000000,0.000000,-0.000000,1.301439,-0.000000,0.000000,-0.000000,0.000000,1.301439,0.000000,-0.000000,0.000000,0.000002,1.000000;;
          }

          Frame Bip01_R_Finger12 {
           

           FrameTransformMatrix relative {
            0.466646,-0.225558,0.855199,0.000000,0.186738,0.970263,0.154011,0.000000,-0.864506,0.087829,0.494890,0.000000,1.307232,0.000000,0.000004,1.000000;;
           }

           ObjectMatrixComment object {
            0.915793,-0.000000,-0.000000,0.000000,-0.000000,1.301439,-0.000000,0.000000,-0.000000,0.000000,1.301439,0.000000,-0.000001,-0.000001,0.000001,1.000000;;
           }

           Frame Bip01_R_Finger1Nub {
            

            FrameTransformMatrix relative {
             1.000000,-0.000000,-0.000000,0.000000,0.000000,-1.000000,0.000000,0.000000,0.000000,-0.000000,1.000000,0.000000,0.915793,-0.000001,0.000001,1.000000;;
            }

            ObjectMatrixComment object {
             0.152632,0.000000,-0.000000,0.000000,0.000000,0.325360,0.000000,0.000000,-0.000000,0.000000,0.325360,0.000000,0.000001,0.000001,0.000001,1.000000;;
            }
           }
          }
         }
        }

        Frame Bip01_R_Finger2 {
         

         FrameTransformMatrix relative {
          0.164583,0.266060,0.949803,0.000000,-0.092288,0.962864,-0.253726,0.000000,-0.982037,-0.045897,0.183025,0.000000,5.243442,0.459305,0.154136,1.000000;;
         }

         ObjectMatrixComment object {
          1.746807,0.000000,0.000000,0.000000,0.000000,1.379125,0.000000,0.000000,0.000000,0.000000,1.518345,0.000000,0.000000,0.000000,-0.000001,1.000000;;
         }

         Frame Bip01_R_Finger21 {
          

          FrameTransformMatrix relative {
           0.271797,0.238519,0.932328,0.000000,-0.183979,0.963808,-0.192938,0.000000,-0.944605,-0.119089,0.305843,0.000000,1.746807,0.000000,-0.000002,1.000000;;
          }

          ObjectMatrixComment object {
           1.294169,-0.000000,-0.000000,0.000000,-0.000000,1.518345,-0.000000,0.000000,0.000000,-0.000000,1.518345,0.000000,0.000000,0.000001,-0.000000,1.000000;;
          }

          Frame Bip01_R_Finger22 {
           

           FrameTransformMatrix relative {
            0.759446,0.261190,0.595836,0.000000,-0.194824,0.965144,-0.174759,0.000000,-0.620713,0.016637,0.783861,0.000000,1.294169,0.000000,0.000000,1.000000;;
           }

           ObjectMatrixComment object {
            1.031239,0.000000,0.000000,0.000000,-0.000000,1.518345,0.000000,0.000000,0.000000,0.000000,1.518345,0.000000,-0.000001,-0.000002,-0.000001,1.000000;;
           }

           Frame Bip01_R_Finger2Nub {
            

            FrameTransformMatrix relative {
             1.000000,0.000000,0.000000,0.000000,0.000000,-1.000000,-0.000000,0.000000,0.000000,0.000000,1.000000,0.000000,1.031239,-0.000002,-0.000001,1.000000;;
            }

            ObjectMatrixComment object {
             0.171873,-0.000000,0.000000,0.000000,0.000000,0.379586,0.000000,0.000000,0.000000,-0.000000,0.379586,0.000000,0.000000,0.000001,0.000000,1.000000;;
            }
           }
          }
         }
        }

        Frame Bip01_R_Finger3 {
         

         FrameTransformMatrix relative {
          -0.025587,0.332906,0.942613,0.000000,-0.067965,0.940161,-0.333884,0.000000,-0.997359,-0.072608,-0.001429,0.000000,5.031446,-0.594826,0.369455,1.000000;;
         }

         ObjectMatrixComment object {
          1.582664,-0.000000,-0.000000,0.000000,0.000000,1.301439,0.000000,0.000000,-0.000000,0.000000,1.301439,0.000000,0.000001,0.000000,0.000002,1.000000;;
         }

         Frame Bip01_R_Finger31 {
          

          FrameTransformMatrix relative {
           0.555786,0.278759,0.783196,0.000000,-0.263136,0.952655,-0.152342,0.000000,-0.788582,-0.121418,0.602824,0.000000,1.582665,0.000000,0.000001,1.000000;;
          }

          ObjectMatrixComment object {
           1.210428,0.000000,0.000000,0.000000,0.000000,1.301439,-0.000000,0.000000,-0.000000,-0.000000,1.301439,0.000000,0.000002,0.000000,0.000000,1.000000;;
          }

          Frame Bip01_R_Finger32 {
           

           FrameTransformMatrix relative {
            0.783409,0.253300,0.567548,0.000000,0.118057,0.835905,-0.536028,0.000000,-0.610191,0.486931,0.624952,0.000000,1.210430,0.000000,0.000000,1.000000;;
           }

           ObjectMatrixComment object {
            0.928687,0.000000,0.000000,0.000000,-0.000000,1.301439,0.000000,0.000000,0.000000,0.000000,1.301439,0.000000,0.000002,-0.000001,-0.000001,1.000000;;
           }

           Frame Bip01_R_Finger3Nub {
            

            FrameTransformMatrix relative {
             1.000000,0.000000,0.000000,0.000000,-0.000000,-1.000000,-0.000000,0.000000,0.000000,-0.000000,1.000000,0.000000,0.928688,-0.000001,0.000000,1.000000;;
            }

            ObjectMatrixComment object {
             0.154781,-0.000000,0.000000,0.000000,0.000000,0.325360,-0.000000,0.000000,0.000000,-0.000000,0.325360,0.000000,0.000002,0.000001,-0.000000,1.000000;;
            }
           }
          }
         }
        }

        Frame Bip01_R_Finger4 {
         

         FrameTransformMatrix relative {
          0.257050,0.375136,0.890616,0.000000,-0.060524,0.926024,-0.372581,0.000000,-0.964501,0.041868,0.260739,0.000000,4.476009,-1.482504,0.726998,1.000000;;
         }

         ObjectMatrixComment object {
          1.075464,0.000000,0.000000,0.000000,-0.000000,1.084532,0.000000,0.000000,0.000000,0.000000,1.084532,0.000000,0.000000,0.000000,-0.000002,1.000000;;
         }

         Frame Bip01_R_Finger41 {
          

          FrameTransformMatrix relative {
           0.441045,0.189725,0.877202,0.000000,-0.374140,0.927289,-0.012445,0.000000,-0.815781,-0.322707,0.479960,0.000000,1.075464,0.000000,-0.000002,1.000000;;
          }

          ObjectMatrixComment object {
           0.993057,0.000000,0.000000,0.000000,0.000000,1.084532,0.000000,0.000000,0.000000,-0.000000,1.084532,0.000000,0.000002,0.000002,-0.000000,1.000000;;
          }

          Frame Bip01_R_Finger42 {
           

           FrameTransformMatrix relative {
            0.910284,0.260016,0.322141,0.000000,-0.114771,0.906151,-0.407085,0.000000,-0.397756,0.333591,0.854697,0.000000,0.993059,0.000002,-0.000000,1.000000;;
           }

           ObjectMatrixComment object {
            0.936177,0.000000,0.000000,0.000000,0.000000,1.084532,0.000000,0.000000,0.000000,0.000000,1.084532,0.000000,0.000000,0.000000,0.000000,1.000000;;
           }

           Frame Bip01_R_Finger4Nub {
            

            FrameTransformMatrix relative {
             1.000000,-0.000000,0.000000,0.000000,0.000000,-1.000000,0.000000,0.000000,0.000000,0.000000,1.000000,0.000000,0.936178,0.000001,0.000000,1.000000;;
            }

            ObjectMatrixComment object {
             0.156029,-0.000000,-0.000000,0.000000,0.000000,0.271133,0.000000,0.000000,0.000000,-0.000000,0.271133,0.000000,0.000000,0.000000,0.000000,1.000000;;
            }
           }
          }
         }
        }
       }
      }

      Frame Bip01_R_ForeTwist {
       

       FrameTransformMatrix relative {
        0.023551,-0.000000,-0.999723,0.000000,-0.004576,0.999989,-0.000108,0.000000,0.999712,0.004577,0.023551,0.000000,13.256785,-0.000000,0.000000,1.000000;;
       }

       ObjectMatrixComment object {
        3.120469,0.000000,0.000000,0.000000,-0.000000,12.104158,-0.000000,0.000000,0.000000,0.000000,12.599048,0.000000,0.000001,0.000000,0.000000,1.000000;;
       }

       Frame Bip01_R_ForeTwist1 {
        

        FrameTransformMatrix relative {
         1.000000,0.000000,0.000000,0.000000,0.000000,0.999990,-0.004577,0.000000,0.000000,0.004577,0.999990,0.000000,3.120470,0.000000,0.000002,1.000000;;
        }

        ObjectMatrixComment object {
         3.120469,0.000000,-0.000000,0.000000,-0.000001,12.104158,0.000000,0.000000,0.000000,0.000000,12.599046,0.000000,-0.000000,0.000001,0.000000,1.000000;;
        }

        Frame Bip01_R_ForeTwist2 {
         

         FrameTransformMatrix relative {
          1.000000,0.000000,0.000000,0.000000,-0.000000,0.999990,-0.004577,0.000000,0.000000,0.004577,0.999990,0.000000,3.120470,0.000000,0.000000,1.000000;;
         }

         ObjectMatrixComment object {
          3.120469,0.000000,0.000000,0.000000,0.000000,12.104160,0.000000,0.000000,0.000000,0.000000,12.599048,0.000000,0.000000,0.000000,-0.000002,1.000000;;
         }

         Frame Bip01_R_ForeTwist3 {
          

          FrameTransformMatrix relative {
           1.000000,0.000000,0.000000,0.000000,0.000000,0.999990,-0.004577,0.000000,0.000000,0.004577,0.999990,0.000000,3.120469,0.000000,-0.000002,1.000000;;
          }

          ObjectMatrixComment object {
           3.120469,0.000000,-0.000000,0.000000,0.000000,12.104159,0.000000,0.000000,0.000000,0.000000,12.599046,0.000000,-0.000000,0.000000,0.000000,1.000000;;
          }
         }
        }
       }
      }
     }
    }
   }
  }

  Frame Bip01_L_Thigh {
   

   FrameTransformMatrix relative {
    -0.995004,-0.000002,0.099834,0.000000,0.000001,-1.000000,-0.000001,0.000000,0.099834,-0.000001,0.995004,0.000000,-0.000004,3.470505,0.000004,1.000000;;
   }

   ObjectMatrixComment object {
    17.352514,0.000000,0.000000,0.000000,0.000000,17.352514,-0.000000,0.000000,0.000000,0.000000,17.352514,0.000000,0.000002,-0.000000,0.000000,1.000000;;
   }

   Frame Bip01_L_Calf {
    

    FrameTransformMatrix relative {
     0.980066,0.000000,-0.198670,0.000000,0.000000,1.000000,-0.000000,0.000000,0.198670,0.000000,0.980066,0.000000,17.352514,-0.000000,0.000000,1.000000;;
    }

    ObjectMatrixComment object {
     17.352514,0.000000,0.000000,0.000000,-0.000000,17.352514,-0.000000,0.000000,0.000000,0.000000,17.352514,0.000000,0.000000,-0.000001,0.000000,1.000000;;
    }

    Frame Bip01_L_Foot {
     

     FrameTransformMatrix relative {
      0.995004,-0.000000,0.099834,0.000000,0.000000,1.000000,0.000000,0.000000,-0.099834,0.000000,0.995004,0.000000,17.352512,-0.000001,0.000000,1.000000;;
     }

     ObjectMatrixComment object {
      3.991079,-0.000000,0.000000,0.000000,0.000000,3.296977,0.000000,0.000000,0.000000,-0.000000,6.420429,0.000000,-0.000004,-0.000000,0.000000,1.000000;;
     }

     Frame Bip01_L_Toe0 {
      

      FrameTransformMatrix relative {
       -0.000000,-0.000000,1.000000,0.000000,-0.000000,1.000000,0.000000,0.000000,-1.000000,-0.000000,-0.000000,0.000000,3.991074,-0.000000,5.136342,1.000000;;
      }

      ObjectMatrixComment object {
       0.520575,-0.000000,0.000000,0.000000,0.000000,0.520575,-0.000000,0.000000,0.000000,0.000000,0.520575,0.000000,-0.000000,-0.000000,0.000004,1.000000;;
      }

      Frame Bip01_L_Toe0Nub {
       

       FrameTransformMatrix relative {
        1.000000,-0.000000,0.000000,0.000000,0.000000,-1.000000,0.000000,0.000000,0.000000,0.000000,1.000000,0.000000,0.520575,-0.000000,0.000004,1.000000;;
       }

       ObjectMatrixComment object {
        0.086762,0.000000,0.000000,0.000000,0.000000,0.130144,0.000000,0.000000,0.000000,-0.000000,0.130144,0.000000,-0.000001,0.000000,0.000004,1.000000;;
       }
      }
     }
    }
   }
  }

  Frame Bip01_R_Thigh {
   

   FrameTransformMatrix relative {
    -0.995004,-0.000002,0.099834,0.000000,0.000001,-1.000000,-0.000001,0.000000,0.099834,-0.000001,0.995004,0.000000,0.000006,-3.470505,-0.000006,1.000000;;
   }

   ObjectMatrixComment object {
    17.352514,0.000000,0.000000,0.000000,0.000000,17.352514,-0.000000,0.000000,0.000000,0.000000,17.352514,0.000000,0.000002,0.000000,0.000000,1.000000;;
   }

   Frame Bip01_R_Calf {
    

    FrameTransformMatrix relative {
     0.980066,0.000000,-0.198670,0.000000,0.000000,1.000000,-0.000000,0.000000,0.198670,0.000000,0.980066,0.000000,17.352514,0.000000,0.000000,1.000000;;
    }

    ObjectMatrixComment object {
     17.352514,0.000000,0.000000,0.000000,-0.000000,17.352514,-0.000000,0.000000,0.000000,0.000000,17.352514,0.000000,0.000000,0.000000,0.000000,1.000000;;
    }

    Frame Bip01_R_Foot {
     

     FrameTransformMatrix relative {
      0.995004,-0.000000,0.099834,0.000000,0.000000,1.000000,0.000000,0.000000,-0.099834,0.000000,0.995004,0.000000,17.352512,0.000000,0.000000,1.000000;;
     }

     ObjectMatrixComment object {
      3.991079,-0.000000,0.000000,0.000000,0.000000,3.296977,0.000000,0.000000,0.000000,-0.000000,6.420429,0.000000,-0.000004,0.000000,0.000000,1.000000;;
     }

     Frame Bip01_R_Toe0 {
      

      FrameTransformMatrix relative {
       -0.000000,-0.000000,1.000000,0.000000,-0.000000,1.000000,0.000000,0.000000,-1.000000,-0.000000,-0.000000,0.000000,3.991074,0.000000,5.136342,1.000000;;
      }

      ObjectMatrixComment object {
       0.520575,-0.000000,0.000000,0.000000,0.000000,0.520575,-0.000000,0.000000,0.000000,0.000000,0.520575,0.000000,-0.000000,0.000000,0.000004,1.000000;;
      }

      Frame Bip01_R_Toe0Nub {
       

       FrameTransformMatrix relative {
        1.000000,-0.000000,0.000000,0.000000,0.000000,1.000000,-0.000000,0.000000,0.000000,0.000000,1.000000,0.000000,0.520575,0.000000,0.000004,1.000000;;
       }

       ObjectMatrixComment object {
        0.086762,-0.000000,0.000000,0.000000,0.000000,0.130144,-0.000000,0.000000,0.000000,0.000000,0.130144,0.000000,-0.000001,0.000000,0.000004,1.000000;;
       }
      }
     }
    }
   }
  }
 }
}

Frame gun_root_bone {
 

 FrameTransformMatrix relative {
  0.694879,-0.287096,0.659333,0.000000,0.233892,0.957230,0.170309,0.000000,-0.680028,0.035869,0.732308,0.000000,1.357454,-10.850340,-17.259266,1.000000;;
 }

 ObjectMatrixComment object {
  1.000000,0.000000,0.000000,0.000000,-0.000000,1.000000,0.000000,0.000000,-0.000000,0.000000,1.000000,0.000000,0.000000,0.000002,0.000001,1.000000;;
 }

 Mesh mesh_g {
  24;
  1.000001;-1.000000;1.000001;,
  1.000001;-0.999997;-0.999999;,
  -0.999999;-0.999998;-1.000001;,
  -0.999999;-0.999999;1.000000;,
  1.000001;1.000001;1.000003;,
  -0.999999;1.000001;1.000001;,
  -0.999999;1.000002;-0.999998;,
  1.000001;1.000003;-0.999998;,
  1.000001;1.000003;-0.999998;,
  -0.999999;1.000002;-0.999998;,
  -0.999999;-0.999998;-1.000001;,
  1.000001;-0.999997;-0.999999;,
  1.000001;1.000001;1.000003;,
  1.000001;1.000003;-0.999998;,
  1.000001;-0.999997;-0.999999;,
  1.000001;-1.000000;1.000001;,
  -0.999999;1.000001;1.000001;,
  1.000001;1.000001;1.000003;,
  1.000001;-1.000000;1.000001;,
  -0.999999;-0.999999;1.000000;,
  -0.999999;1.000002;-0.999998;,
  -0.999999;1.000001;1.000001;,
  -0.999999;-0.999999;1.000000;,
  -0.999999;-0.999998;-1.000001;;
  12;
  3;0,2,1;,
  3;2,0,3;,
  3;4,6,5;,
  3;6,4,7;,
  3;8,10,9;,
  3;10,8,11;,
  3;12,14,13;,
  3;14,12,15;,
  3;16,18,17;,
  3;18,16,19;,
  3;20,22,21;,
  3;22,20,23;;

  MeshNormals normals {
   24;
   0.000000;-1.000000;-0.000001;,
   0.000000;-1.000000;-0.000001;,
   0.000000;-1.000000;-0.000001;,
   0.000000;-1.000000;-0.000001;,
   -0.000000;1.000000;0.000001;,
   -0.000000;1.000000;0.000001;,
   -0.000000;1.000000;0.000001;,
   -0.000000;1.000000;0.000001;,
   0.000000;0.000001;-1.000000;,
   0.000000;0.000001;-1.000000;,
   0.000000;0.000001;-1.000000;,
   0.000000;0.000001;-1.000000;,
   1.000000;-0.000000;0.000000;,
   1.000000;-0.000000;0.000000;,
   1.000000;-0.000000;0.000000;,
   1.000000;-0.000000;0.000000;,
   0.000000;-0.000001;1.000000;,
   0.000000;-0.000001;1.000000;,
   0.000000;-0.000001;1.000000;,
   0.000000;-0.000001;1.000000;,
   -1.000000;0.000000;-0.000000;,
   -1.000000;0.000000;-0.000000;,
   -1.000000;0.000000;-0.000000;,
   -1.000000;0.000000;-0.000000;;
   12;
   3;0,2,1;,
   3;2,0,3;,
   3;4,6,5;,
   3;6,4,7;,
   3;8,10,9;,
   3;10,8,11;,
   3;12,14,13;,
   3;14,12,15;,
   3;16,18,17;,
   3;18,16,19;,
   3;20,22,21;,
   3;22,20,23;;
  }

  MeshTextureCoords tc0 {
   24;
   0.000000;0.000000;,
   0.000000;1.000000;,
   1.000000;1.000000;,
   1.000000;0.000000;,
   1.000000;0.000000;,
   0.000000;0.000000;,
   0.000000;1.000000;,
   1.000000;1.000000;,
   1.000000;0.000000;,
   0.000000;0.000000;,
   0.000000;1.000000;,
   1.000000;1.000000;,
   1.000000;0.000000;,
   0.000000;0.000000;,
   0.000000;1.000000;,
   1.000000;1.000000;,
   1.000000;0.000000;,
   0.000000;0.000000;,
   0.000000;1.000000;,
   1.000000;1.000000;,
   1.000000;0.000000;,
   0.000000;0.000000;,
   0.000000;1.000000;,
   1.000000;1.000000;;
  }
 }

 Frame gun_slide_bone {
  

  FrameTransformMatrix relative {
   1.000000,0.000000,0.000000,0.000000,-0.000000,1.000000,0.000000,0.000000,-0.000000,0.000000,1.000000,0.000000,-0.287894,5.825626,-5.512672,1.000000;;
  }

  ObjectMatrixComment object {
   1.000000,0.000000,0.000000,0.000000,-0.000000,1.000000,0.000000,0.000000,-0.000000,0.000000,1.000000,0.000000,0.000001,0.000000,0.000000,1.000000;;
  }

  Mesh mesh_g {
   24;
   -0.499999;-0.500000;-0.500000;,
   -0.499997;-0.500000;0.500000;,
   0.500002;-0.500000;0.500000;,
   0.500002;-0.500000;-0.499998;,
   -0.499998;0.499999;-0.500000;,
   0.500001;0.500000;-0.500000;,
   0.500002;0.500000;0.500000;,
   -0.499999;0.500000;0.500000;,
   -0.499999;-0.500000;-0.500000;,
   0.500002;-0.500000;-0.499998;,
   0.500001;0.500000;-0.500000;,
   -0.499998;0.499999;-0.500000;,
   0.500002;-0.500000;-0.499998;,
   0.500002;-0.500000;0.500000;,
   0.500002;0.500000;0.500000;,
