yof 0303txt 0032
template Frame {
 <3d82ab46-62da-11cf-ab39-0020af71e433>
 [...]
}

template Matrix4x4 {
 <f6f23f45-7686-11cf-8f52-0040333594a3>
 array FLOAT matrix[16];
}

template FrameTransformMatrix {
 <f6f23f41-7686-11cf-8f52-0040333594a3>
 Matrix4x4 frameMatrix;
}

template ObjectMatrixComment {
 <95a48e28-7ef4-4419-a16a-ba9dbdf0d2bc>
 Matrix4x4 objectMatrix;
}

template Vector {
 <3d82ab5e-62da-11cf-ab39-0020af71e433>
 FLOAT x;
 FLOAT y;
 FLOAT z;
}

template MeshFace {
 <3d82ab5f-62da-11cf-ab39-0020af71e433>
 DWORD nFaceVertexIndices;
 array DWORD faceVertexIndices[nFaceVertexIndices];
}

template Mesh {
 <3d82ab44-62da-11cf-ab39-0020af71e433>
 DWORD nVertices;
 array Vector vertices[nVertices];
 DWORD nFaces;
 array MeshFace faces[nFaces];
 [...]
}

template MeshNormals {
 <f6f23f43-7686-11cf-8f52-0040333594a3>
 DWORD nNormals;
 array Vector normals[nNormals];
 DWORD nFaceNormals;
 array MeshFace faceNormals[nFaceNormals];
}

template Coords2d {
 <f6f23f44-7686-11cf-8f52-0040333594a3>
 FLOAT u;
 FLOAT v;
}

template MeshTextureCoords {
 <f6f23f40-7686-11cf-8f52-0040333594a3>
 DWORD nTextureCoords;
 array Coords2d textureCoords[nTextureCoords];
}

template XSkinMeshHeader {
 <3cf169ce-ff7c-44ab-93c0-f78f62d172e2>
 WORD nMaxSkinWeightsPerVertex;
 WORD nMaxSkinWeightsPerFace;
 WORD nBones;
}

template SkinWeights {
 <6f0d123b-bad2-4167-a0d0-80224f25fabb>
 STRING transformNodeName;
 DWORD nWeights;
 array DWORD vertexIndices[nWeights];
 array FLOAT weights[nWeights];
 Matrix4x4 matrixOffset;
}

template AnimTicksPerSecond {
 <9e415a43-7ba6-4a73-8743-b73d47e88476>
 DWORD AnimTicksPerSecond;
}

template Animation {
 <3d82ab4f-62da-11cf-ab39-0020af71e433>
 [...]
}

template AnimationSet {
 <3d82ab50-62da-11cf-ab39-0120af71e433>
 [Animation <3d82ab4f-62da-11cf-ab39-0020af71e433>]
}

template FloatKeys {
 <10dd46a9-775b-11cf-8f52-0040333594a3>
 DWORD nValues;
 array FLOAT values[nValues];
}

template TimedFloatKeys {
 <f406b180-7b3b-11cf-8f52-0040333594a3>
 DWORD time;
 FloatKeys tfkeys;
}

template AnimationKey {
 <10dd46a8-775b-11cf-8f52-0040333594a3>
 DWORD keyType;
 DWORD nKeys;
 array TimedFloatKeys keys[nKeys];
}


Frame Bip01 {
 

 FrameTransformMatrix relative {
  0.000001,0.000000,-1.000000,0.000000,0.000000,1.000000,0.000000,0.000000,1.000000,0.000000,0.000001,0.000000,2.280000,-24.550000,-0.360000,1.000000;;
 }

 ObjectMatrixComment object {
  0.173525,0.000000,0.000000,0.000000,0.000000,0.173525,0.000000,0.000000,0.000000,0.000000,0.173525,0.000000,0.000000,0.000000,0.000000,1.000000;;
 }

 Frame Bip01_Pelvis {
  

  FrameTransformMatrix relative {
   0.000000,1.000000,-0.000001,0.000000,-0.000001,0.000001,1.000000,0.000000,1.000000,0.000000,0.000001,0.000000,0.000000,0.000000,0.000000,1.000000;;
  }

  ObjectMatrixComment object {
   8.676257,-0.000000,0.000000,0.000000,-0.000000,6.941010,0.000000,0.000000,0.000000,0.000000,8.676257,0.000000,0.000000,0.000000,0.000000,1.000000;;
  }

  Frame Bip01_Spine {
   

   FrameTransformMatrix relative {
    1.000000,0.000001,0.000796,0.000000,-0.000001,1.000000,0.000004,0.000000,-0.000796,-0.000004,1.000000,0.000000,3.991085,0.000005,-0.014371,1.000000;;
   }

   ObjectMatrixComment object {
    18.046619,-0.000000,0.000000,0.000000,0.000000,18.046619,0.000000,0.000000,0.000000,-0.000000,18.046619,0.000000,0.000000,0.000000,0.000000,1.000000;;
   }

   Frame Bip01_Neck {
    

    FrameTransformMatrix relative {
     1.000000,-0.000000,0.000000,0.000000,0.000000,1.000000,0.000000,0.000000,0.000000,-0.000010,1.000000,0.000000,18.046619,0.000000,-0.002073,1.000000;;
    }

    ObjectMatrixComment object {
     2.602877,-0.000000,0.000000,0.000000,0.000000,4.511654,0.000000,0.000000,0.000000,-0.000000,4.511654,0.000000,0.000000,0.000000,-0.000000,1.000000;;
    }

    Frame Bip01_Head {
     

     FrameTransformMatrix relative {
      1.000000,-0.000000,-0.000798,0.000000,0.000000,1.000000,-0.000000,0.000000,0.000798,-0.000000,1.000000,0.000000,2.602877,0.000000,-0.000000,1.000000;;
     }

     ObjectMatrixComment object {
      8.155686,-0.000000,0.000000,0.000000,-0.000000,7.548349,0.000000,0.000000,0.000000,0.000000,8.155686,0.000000,0.000000,0.000000,0.000000,1.000000;;
     }

     Frame Bip01_HeadNub {
      

      FrameTransformMatrix relative {
       1.000000,0.000000,0.000000,0.000000,0.000000,1.000000,0.000000,0.000000,0.000000,0.000000,1.000000,0.000000,8.155686,0.000000,-0.000000,1.000000;;
      }

      ObjectMatrixComment object {
       0.943544,-0.000000,0.000000,0.000000,-0.000000,0.943544,0.000000,0.000000,0.000000,0.000000,0.943544,0.000000,0.000000,0.000000,-0.000000,1.000000;;
      }
     }
    }

    Frame Bip01_L_Clavicle {
     

     FrameTransformMatrix relative {
      -0.000000,1.000000,-0.000003,0.000000,1.000000,0.000000,-0.000796,0.000000,-0.000796,-0.000003,-1.000000,0.000000,0.000001,1.214676,0.002069,1.000000;;
     }

     ObjectMatrixComment object {
      6.654455,0.000000,0.000000,0.000000,0.000000,8.676257,0.000000,0.000000,0.000000,0.000000,11.279130,0.000000,0.000000,0.000000,0.000000,1.000000;;
     }

     Frame Bip01_L_UpperArm {
      

      FrameTransformMatrix relative {
       -0.603817,-0.707440,-0.367333,0.000000,0.539306,-0.023217,-0.841790,0.000000,0.586988,-0.706392,0.395545,0.000000,6.654454,0.000000,0.010000,1.000000;;
      }

      ObjectMatrixComment object {
       13.256782,-0.000000,0.000001,0.000000,0.000000,17.923123,0.000000,0.000000,-0.000000,0.000000,15.960648,0.000000,0.000000,0.000000,0.000000,1.000000;;
      }

      Frame Bip01_L_Forearm {
       

       FrameTransformMatrix relative {
        0.599817,-0.000000,-0.800137,0.000000,0.000000,1.000000,0.000000,0.000000,0.800137,-0.000000,0.599817,0.000000,13.256782,0.000000,0.000000,1.000000;;
       }

       ObjectMatrixComment object {
        12.481878,-0.000001,0.000000,0.000000,0.000000,12.104158,0.000000,0.000000,0.000000,0.000000,12.599046,0.000000,0.000000,0.000000,-0.000001,1.000000;;
       }

       Frame Bip01_L_Hand {
        

        FrameTransformMatrix relative {
         0.589969,0.806955,0.027558,0.000000,0.796397,-0.587194,0.144756,0.000000,0.132994,-0.063454,-0.989084,0.000000,12.481878,0.000000,-0.000001,1.000000;;
        }

        ObjectMatrixComment object {
         4.553092,0.000000,0.000000,0.000000,0.000000,4.613227,-0.000000,0.000000,0.000000,-0.000000,5.161657,0.000000,0.000000,-0.000000,0.000000,1.000000;;
        }

        Frame Bip01_L_Finger0 {
         

         FrameTransformMatrix relative {
          0.587088,-0.549839,0.594141,0.000000,0.530130,-0.293536,-0.795486,0.000000,0.611792,0.781993,0.119154,0.000000,1.498248,-2.184190,0.805333,1.000000;;
         }

         ObjectMatrixComment object {
          1.414163,0.000000,-0.000000,0.000000,0.000000,1.240833,-0.000000,0.000000,0.000000,0.000000,1.084532,0.000000,0.000000,0.000001,-0.000001,1.000000;;
         }

         Frame Bip01_L_Finger01 {
          

          FrameTransformMatrix relative {
           0.986193,0.068863,0.150602,0.000000,-0.067883,0.997626,-0.011643,0.000000,-0.151046,0.001259,0.:88526,0.000000,1.414164,0.000001,-0.000001,1.000000;;
          }

          ObjectMatrixComment object {
           1.050122,0.000000,0.000000,0.000000,0.000000,1.491657,0.000000,0.000000,0.000000,0.000000,1.084532,0.000000,-0.000001,-0.000001,0.000001,1.000000;;
          }

          Frame Bip01_L_Finger02 {
           

           FrameTransformMatrix relative {
            0.807499,-0.000000,0.589869,0.000000,0.000000,1.000000,0.000000,0.000000,-0.589869,-0.000000,0.807499,0.000000,1.050122,-0.000001,0.000001,1.000000;;
           }

           ObjectMatrixComment object {
            1.125311,-0.000000,-0.000000,0.000000,0.000000,1.555457,-0.000000,0.000000,0.000000,-0.000000,1.084532,0.000000,0.000000,-0.000001,0.000000,1.000000;;
           }

           Frame Bip01_L_Finger0Nub {
            

            FrameTransformMatrix relative {
             1.000000,-0.000000,0.000000,0.000000,0.000000,1.000000,-0.000000,0.000000,0.000000,0.000000,1.000000,0.000000,1.125311,0.000000,0.000000,1.000000;;
            }

            ObjectMatrixComment object {
             0.187552,-0.000000,0.000000,0.000000,0.000000,0.388864,-0.000000,0.000000,0.000000,-0.000000,0.271133,0.000000,0.000000,0.000000,-0.000000,1.000000;;
            }
           }
          }
         }
        }

        Frame Bip01_L_Finger1 {
         

         FrameTransformMatrix relative {
          0.824761,-0.139155,0.548092,0.000000,0.127963,0.990034,0.058804,0.000000,-0.550813,0.021636,0.834348,0.000000,4.800346,-1.578574,0.174575,1.000000;;
         }

         ObjectMatrixComment object {
          1.568176,0.000000,-0.000000,0.000000,-0.000000,1.301439,0.000000,0.000000,0.000000,-0.000000,1.301439,0.000000,0.000001,0.000000,0.000000,1.000000;;
         }

         Frame Bip01_L_Finger21 {
          

          FrameTransformMatrix relative {
           0.709604,0.000000,0.704601,0.000000,-0.000000,1.000000,0.000000,0.000000,-0.704601,-0.000000,0.709604,0.000000,1.568177,0.000000,0.000000,1.000000;;
          }

          ObjectMatrixComment object {
           1.307232,0.000000,-0.000000,0.000000,0.000000,1.301439,0.000000,0.000000,0.000000,0.000000,1.301439,0.000000,-0.000000,-0.000000,0.000002,1.000000;;
          }

          Frame Bip01_L_Finger12 {
           

           FrameTransformMatrix relative {
            0.771456,0.000000,0.636282,0.000000,-0.000000,1.000000,0.000000,0.000000,-0.636282,-0.000000,0.771456,0.000000,1.307231,-0.000001,0.000000,1.000000;;
           }

           ObjectMatrixComment object {
            0.915793,0.000000,-0.000000,0.000000,0.000000,1.301439,0.000000,0.000000,0.000000,0.000000,1.301439,0.000000,-0.000001,-0.000000,-0.000002,1.000000;;
           }

           Frame Bip01_L_Finger1Nub {
            

            FrameTransformMatrix relative {
             1.000000,0.000000,0.000000,0.000000,0.000000,1.000000,0.000000,0.000000,-0.000000,-0.000000,1.000000,0.000000,0.915793,0.000000,-0.000002,1.000000;;
            }

            ObjectMatrixComment object {
             0.152632,0.000000,0.000000,0.000000,0.000000,0.325360,0.000000,0.000000,0.000000,0.000000,0.325360,0.000000,0.000001,0.000000,0.000000,1.000000;;
            }
           }
          }
         }
        }

        Frame Bip01_L_Finger2 {
         

         FrameTransformMatrix relative {
          0.365500,0.169622,0.915226,0.000000,-0.075493,0.985419,-0.152483,0.000000,-0.927745,-0.013361,0.372976,0.000000,5.243442,-0.459307,0.154136,1.000000;;
         }

         ObjectMatrixComment object {
          1.746807,0.000000,0.000000-0.000000,0.000000,1.379125,-0.000000,0.000000,-0.000000,0.000000,1.518345,0.000000,0.000001,0.000000,0.000002,1.000000;;
         }

         Frame Bip01_L_Finger21 {
          

          FrameTransformMatrix relative {
           0.766308,0.032770,0.641637,0.000000,-0.272950,0.920695,0.278962,0.000000,-0.581610,-0.388905,0.714480,0.000000,1.746808,-0.000001,0.000002,1.000000;;
          }

          ObjectMatrixComment object {
           1.294169,0.000000,-0.000000,0.000000,0.000000,1.518345,-0.000000,0.000000,0.000000,0.000000,1.518345,0.000000,-0.000001,0.000000,0.000000,1.000000;;
          }

          Frame Bip01_L_Finger22 {
           

           FrameTransformMatrix relative {
            0.612470,-0.000000,0.790494,0.000000,0.000000,1.000000,-0.000000,0.000000,-0.790494,0.000000,0.612470,0.000000,1.294168,0.000001,0.000000,1.000000;;
           }

           ObjectMatrixComment object {
            1.031239,0.000000,0.000000,0.000000,0.000000,1.518345,0.000000,0.000000,0.000000,0.000000,1.518345,0.000000,0.000000,0.000000,0.000000,1.000000;;
           }

           Frame Bip01_L_Finger2Nub {
            

            FrameTransformMatrix relative {
             1.000000,0.000000,0.000000,0.000000,0.000000,1.000000,0.000000,0.000000,-0.000000,0.000000,1.000000,0.000000,1.031239,0.000000,0.000000,1.000000;;
            }

            ObjectMatrixComment object {
             0.171873,0.000000,0.000000,0.000000,0.000000,0.379586,0.000000,0.000000,0.000000,0.000000,0.379586,0.000000,0.000000,-0.000001,0.000000,1.000000;;
            }
           }
          }
         }
        }

        Frame Bip01_L_Finger3 {
         

         FrameTransformMatrix relative {
          0.142948,0.209228,0.967362,0.000000,-0.155849,0.969965,-0.186761,0.000000,-0.977483,-0.124066,0.171263,0.000000,5.031446,0.594824,0.369456,1.000000;;
         }

         ObjectMatrixComment object {
          1.582664,-0.000000,0.000000,0.000000,-0.000000,1.301439,-0.000000,0.000000,0.000000,-0.000000,1.301439,0.000000,0.000000,0.000000,0.000002,1.000000;;
         }

         Frame Bip01_L_Finger31 {
          

          FrameTransformMatrix relative {
           0.517791,-0.066970,0.852882,0.000000,-0.439705,0.834343,0.332463,0.000000,-0.733861,-0.547163,0.402568,0.000000,1.582664,0.000001,0.000002,1.000000;;
          }

          ObjectMatrixComment object {
           1.210428,-0.000000,0.000000,0.000000,-0.000000,1.301439,0.000000,0.000000,-0.000000,0.000000,1.301439,0.000000,0.000000,-0.000001,-0.000001,1.000000;;
          }

          Frame Bip01_L_Finger32 {
           

           FrameTransformMatrix relative {
            0.784377,-0.000000,0.620284,0.000000,0.000000,1.000000,0.000000,0.000000,-0.620284,0.000000,0.784377,0.000000,1.210430,-0.000001,-0.000001,1.000000;;
           }

           ObjectMatrixComment object {
            0.928687,0.000000,-0.000000,0.000000,-0.000000,1.301439,0.000000,0.000000,0.000000,-0.000000,1.301439,0.000000,-0.000002,-0.000001,0.000000,1.000000;;
           }

           Frame Bip01_L_Finger3Nub {
            

            FrameTransformMatrix relative {
             1.000000,0.000000,-0.000000,0.000000,-0.000000,1.000000,0.000000,0.000000,0.000000,-0.000000,1.000000,0.000000,0.928686,-0.000001,0.000001,1.000000;;
            }

            ObjectMatrixComment object {
             0.154781,0.000000,-0.000000,0.000000,-0.000000,0.325360,0.000000,0.000000,0.000000,-0.000000,0.325360,0.000000,0.000000,-0.000001,0.000001,1.000000;;
            }
           }
          }
         }
        }

  !     Frame Bip01_L_Finger4 {
         

         FrameTransformMatrix relative {
          -0.264337,0.319413,0.910001,0.000000,-0.474612,0.778316,-0.411056,0.000000,-0.839565,-0.540556,-0.054140,0.000000,4.476010,1.482502,0.726999,1.000000;;
         }

         ObjectMatrixComment object {
          1.075464,-0.000000,-0.000000,0.000000,0.000000,1.084532,0.000000,0.000000,-0.000000,-0.000000,1.084532,0.000000,0.000001,-0.000000,-0.000002,1.000000;;
         }

         Frame Bip01_L_Finger41 {
          

          FrameTransformMatrix relative {
           0.537659,-0.015940,0.843012,0.000000,-0.246143,0.953302,0.175011,0.000000,-0.806435,-0.301597,0.508628,0.000000,1.075465,-0.000001,0.000000,1.000000;;
          }

          ObjectMatrixComment object {
           0.993057,0.000000,0.000000,0.000000,-0.000000,1.084532,0.000000,0.000000,-0.000000,0.000000,1.084532,0.000000,-0.000002,0.000000,0.000000,1.000000;;
          }

          Frame Bip01_L_Finger42 {
           

           FrameTransformMatrix relative {
            0.804299,0.093324,0.586851,0.000000,0.104009,0.950235,-0.293658,0.000000,-0.585052,0.297227,0.754566,0.000000,0.993055,-0.000000,-0.000000,1.000000;;
           }

           ObjectMatrixComment object {
            0.936177,0.000000,-0.000000,0.000000,0.000000,1.084532,0.000000,0.000000,-0.000000,0.000000,1.084532,0.000000,0.000002,0.000000,0.000002,1.000000;;
           }

           Frame Bip01_L_Finger4Nub {
            

            FrameTransformMatrix relative {
             1.000000,-0.000000,0.000000,0.000000,-0.000000,1.000000,0.000000,0.000000,0.000000,0.000000,1.000000,0.000000,0.936178,0.000000,0.000002,1.000000;;
            }

            ObjectMatrixComment object {
             0.156030,-0.000000,0.000000,0.000000,0.000000,1.271133,0.000000,0.000000,-0.000000,0.000000,0.271133,0.000000,0.000000,0.000001,0.000001,1.000000;;
            }
           }
          }
         }
        }
       }
      }

      Frame Bip01_L_ForeTwist {
       

       FrameTransformMatrix relative {
        0.599817,-0.000000,-0.800137,0.000000,0.210196,0.964878,0.157572,0.000000,0.772034,-0.262699,0.578750,0.000000,13.256782,0.000000,0.000000,1.000000;;
       }

       ObjectMatrixComment object {
        3.120470,-0.000000,0.000000,0.000000,-0.000000,12.104158,0.000000,0.000000,-0.000000,0.000000,12.599048,0.000000,-0.000001,0.000000,0.000001,1.000000;;
       }

       Frame Bip01_L_ForeTwist1 {
        

        FrameTransformMatrix relative {
         1.000000,0.000000,0.000000,0.000000,-0.000000,0.964878,0.262699,0.000000,0.000000,-0.262699,0.964878,0.000000,3.120469,0.000001,0.000000,1.000000;;
        }

        ObjectMatrixComment object {
         3.120470,0.000000,-0.000000,0.000000,0.000000,12.104158,0.000000,0.000000,-0.000000,-0.000000,12.599048,0.000000,0.000000,-0.000001,-0.000001,1.000000;;
        }

        Frame Bip01_L_ForeTwist2 {
         

         FrameTransformMatrix relative {
          1.000000,0.000000,-0.000000,0.000000,0.000000,0.964878,0.262700,0.000000,0.000000,-0.262699,0.964878,0.000000,3.120470,0.000000,0.000000,1.000000;;
         }

         ObjectMatrixComment object {
          3.120470,-0.000000,0.000000,0.000000,0.000000,12.104158,0.000000,0.000000,0.000000,-0.000000,12.599046,0.000000,0.000001,-0.000001,-0.000001,1.000000;;
         }

         Frame Bip01_L_ForeTwist3 {
          

          FrameTransformMatrix relative {
           1.000000,-0.000000,0.000000,0.000000,-0.000000,0.964878,0.262699,0.000000,-0.000000,-0.262699,0.964878,0.000000,3.120470,0.001000,0.000000,1.000000;;
          }

          ObjectMatrixComment object {
           3.120470,-0.000000,0.000000,0.000000,-0.000000,12.104159,0.000000,0.000000,0.000000,0.000000,12.599046,0.000000,0.000001,0.000001,0.000000,1.000000;;
          }
         }
        }
       }
      }
     }
    }

    Frame Bip01_R_Clavicle {
     

     FrameTransformMatrix relative {
      -0.000000,-1.000000,0.000003,0.000000,-1.000000,0.000000,0.000796,0.000000,-0.000796,-0.000003,-1.000000,0.000000,0.000001,-1.214676,0.002076,1.000000;;
     }

     ObjectMatrixComment object {
      6.654455,-0.000000,0.000000,0.000000,-0.000000,8.676257,-0.000000,0.000000,0.000000,0.000000,11.279130,0.000000,0.000000,0.000000,0.000000,1.000000;;
     }

     Frame Bip01_R_UpperArm {
      

      FrameTransformMatrix relative {
       0.384960,0.912801,-0.136380,0.000000,-0.922797,0.383216,-0.039885,0.000000,0.015856,0.141205,0.989853,0.000000,6.654455,-0.000000,0.000000,1.000000;;
      }

      ObjectMatrixComment object {
       13.256785,0.000000,0.000000,0.000000,-0.000000,17.923123,0.000000,0.000000,0.000000,-0.000000,15.960650,0.000000,-0.000000,0.000000,0.000000,1.000000;;
      }

      Frame Bip01_R_Forearm {
       

       FrameTransformMatrix relative {
        -0.472229,-0.000000,-0.881476,0.000000,-0.000000,1.000000,0.000000,0.000000,0.881476,0.000000,-0.472229,0.000000,13.256782,0.000001,-0.000000,1.000000;;
       }

       ObjectMatrixComment object {
        12.481878,0.000000,-0.000000,0.000000,-0.000000,12.104159,0.000000,0.000000,0.000000,-0.000000,12.599046,0.000000,0.000000,0.000000,0.000000,1.000000;;
       }

       Frame Bip01_R_Hand {
        

        FrameTransformMatrix relative {
         0.894215,0.070480,0.442054,0.000000,0.424838,0.177521,-0.887793,0.000000,-0.141039,0.981590,0.128800,0.000000,12.481879,0.000000,0.000000,1.000000;;
        }

        ObjectMatrixComment object {
         4.553092,0.000000,-0.000000,0.000000,0.000000,4.613226,-0.000000,0.000000,0.000000,-0.000000,5.161657,0.000000,-0.000001,-0.000001,0.000000,1.000000;;
        }

        Frame Bip01_R_Finger0 {
         

         FrameTransformMatrix relative {
          0.644746,0.592679,0.482735,0.000000,-0.467243,-0.194237,0.862529,0.000000,0.604968,-0.781667,0.151692,0.000000,1.498247,2.184189,0.805333,1.000000;;
         }

         ObjectMatrixComment object {
          1.414163,0.000000,0.000000,0.000000,0.000000,1.240833,-0.000000,0.000000,0.000000,-0.000000,1.084532,0.000000,0.000001,0.000000,0.000001,1.000000;;
         }

         Frame Bip01_R_Finger01 {
          

          FrameTransformMatrix relative {
           0.823730,0.047273,0.565008,0.000000,-0.133557,0.984654,0.112330,0.000000,-0.551027,-0.167991,0.817403,0.000000,1.414163,0.000000,0.000001,1.000000;;
          }

          ObjectMatrixComment object {
           1.050122,0.000000,0.000000,0.000000,0.000000,1.491657,0.000000,0.000000,0.000000,0.000000,1.084532,0.000000,0.000001,0.000000,0.000000,1.000000;;
          }

          Frame Bip01_R_Finger02 {
           

           FrameTransformMatrix relative {
            0.818516,0.036375,0.573332,0.000000,-0.119905,0.986831,0.108574,0.000000,-0.561832,-0.157615,0.812098,0.000000,1.050122,0.000001,-0.000001,1.000000;;
           }

           ObjectMatrixComment object {
            1.125311,0.000000,-0.000000,0.000000,0.000000,1.555457,0.000000,0.000000,0.000000,0.000000,1.084532,0.000000,0.000000,-0.000000,0.000000,1.000000;;
           }

           Frame Bip01_R_Finger0Nub {
            

            FrameTraosformMatrix relative {
             1.000000,0.000000,0.000000,0.000000,0.000000,-1.000000,-0.000000,0.000000,0.000000,-0.000000,1.000000,0.000000,1.125311,-0.000001,0.000000,1.000000;;
            }

            ObjectMatrixComment object {
             0.187552,0.000000,0.000000,0.000000,0.000000,0.388864,-0.000000,0.000000,0.000000,-0.000000,0.271133,0.000000,0.000000,0.000001,-0.000000,1.000000;;
            }
           }
          }
         }
        }

        Frame Bip01_R_Finger1 {
         

         FrameTransformMatrix relative {
          0.996424,0.053827,0.065123,0.000000,-0.039294,0.977592,-0.206806,0.000000,-0.074796,0.203507,0.976212,0.000000,4.800344,1.578573,0.174576,1.000000;;
         }

         ObjectMatrixComment object {
          1.568176,0.000000,0.000000,0.000000,0.000000,1.301439,-0.000000,0.000000,0.000000,-0.000000,1.301439,0.000000,0.000001,0.000000,0.000000,1.000000;;
         }

         Frame Bip01_R_Finger11 {
          

          FrameTransformMatrix relative {
           0.762037,-0.126288,0.635099,0.000000,0.258723,0.958489,-0.119841,0.000000,-0.593601,0.255638,0.763077,0.000000,1.568176,0.000000,0.000000,1.000000;;
          }

          ObjectMatrixComment object {
           1.307232,0.000000,0.000000,0.000000,0.000000,1.301439,0.000000,0.000000,0.000000,0.000000,1.301439,0.000000,0.000000,-0.000000,0.000000,1.000000;;
          }

          Frame Bip01_R_Finger12 {
           

           FrameTransformMatrix relative {
            0.748528,-0.242055,0.617346,0.000000,0.186738,0.970263,0.154011,0.000000,-0.636267,0.000000,0.771469,0.000000,1.307233,0.000000,-0.000002,1.000000;;
           }

           ObjectMatrixComment object {
            0.915793,0.000000,0.000000,0.000000,-0.000000,1.301439,0.000000,0.000000,-0.010000,0.000000,1.301439,0.000000,0.000000,-0.000000,0.000000,1.000000;;
           }

           Frame Bip01_R_Finger1Nub {
            

            FrameTransformMatrix relative {
             1.000000,0.000000,0.000000,0.000000,0.000000,-1.000000,0.000000,0.000000,0.000000,0.000000,1.000000,0.000000,0.915793,-0.000000,-0.000002,1.000000;;
            }

            ObjectMatrixComment object {
             0.152632,-0.000000,0.000000,0.000000,0.000000,0.325360,0.000000,0.000000,-0.000000,-0.000000,0.325360,0.000000,0.000000,-0.000000,0.000000,1.000000;;
            }
           }
          }
         }
        }

        Frame Bip01_R_Finger2 {
         

         FrameTransformMatrix relative {
          0.164583,0.266059,0.949803,0.000000,-0.092288,0.962864,-0.253726,0.000000,-0.982037,-0.045897,0.183025,0.000000,5.243442,0.459305,0.154135,1.000000;;
         }

         ObjectMatrixComment object {
          1.746807,-0.000000,-0.000000,0.000000,-0.000000,1.379125,-0.000000,0.000000,-0.000000,0.000000,1.518345,0.000000,0.000000,0.000000,0.000000,1.000000;;
         }

         Frame Bip01_R_Finger21 {
          

          FrameTransformMatrix relative {
           0.271797,0.238519,0.932328,0.000000,-0.183979,0.963808,-0.192938,0.000000,-0.944605,-0.119089,0.305843,0.000000,1.746807,0.000000,0.000001,1.000000;;
          }

          ObjectMatrixComment object {
           1.294169,0.000000,0.000000,0.000000,-0.000000,1.518345,-0.000000,0.000000,0.000000,0.000000,1.518345,0.000000,0.000000,0.000000,-0.000000,1.000000;;
          }

          Frame Bip01_R_Finger22 {
           

           FrameTransformMatrix relative {
            0.759446,0.261190,0.595836,0.000000,-0.194824,0.965144,-0.174759,0.000000,-0.620713,0.016637,0.783861,0.000000,1.294169,0.000100,-0.000001,1.000000;;
           }

           ObjectMatrixComment object {
            1.031239,-0.000000,0.000000,0.000000,0.000000,1.518345,0.000000,0.000000,0.000000,0.000000,1.518345,0.000000,0.000000,0.000000,0.000000,1.000000;;
           }

           Frame Bip01_R_Finger2Nub {
            

            FrameTransformMatrix relative {
             1.000000,-0.000000,-0.000000,0.000000,0.000000,-1.000000,-0.000000,0.000000,0.000000,0.000000,1.000000,0.000000,1.031240,0.000000,0.000000,1.000000;;
            }

            ObjectMatrixComment object {
             0.171873,0.000000,-0.000000,0.000000,-0.000000,0.379586,-0.000000,0.000000,0.000000,-0.000000,0.379586,0.000000,0.000002,-0.000000,0.000000,1.000000;;
            }
           }
          }
         }
        }

        Frame Bip01_R_Finger3 {
         

         FrameTransformMatrix relative {
          -0.025587,0.332906,0.942613,0.000000,-0.067965,0.940161,-0.333884,0.000000,-0.997360,-0.072608,-0.001429,0.000000,5.031446,-0.594827,0.369457,1.000000;;
         }

         ObjectMatrixComment object {
          1.582664,-0.000000,0.000000,0.000000,-0.000000,1.301439,0.000000,0.000000,0.000000,0.000000,1.301439,0.000000,0.000000,-0.000001,0.000000,1.000000;;
         }

         Frame Bip01_R_Finger31 {
          

          FrameTransformMatrix relative {
           0.555786,0.278759,0.783196,0.000000,-0.263136,0.952655,-0.152342,0.000000,-0.788582,-0.121418,0.602824,0.000000,1.582664,0.000000,0.000001,1.000000;;
          }

          ObjectMatrixComment object {
           1.210428,-0.000000,0.000000,0.000000,0.000000,1.301439,0.000000,0.000000,-0.000000,0.000000,1.301439,0.000000,0.000000,0.000001,-0.000001,1.000000;;
          }

          Frame Bip01_R_Finger32 {
           

        !  FrameTransformMatrix relative {
            0.783409,0.253300,0.567548,0.000000,0.118057,0.835905,-0.536027,0.000000,-0.610191,0.486931,0.624951,0.000000,1.210428,0.000000,-0.000000,1.000000;;
           }

           ObjectMatrixComment object {
            0.928687,0.000000,0.000000,0.000000,0.000000,1.301439,-0.000000,0.000000,0.000000,-0.000000,1.301439,0.000000,0.000000,0.000000,-0.000000,1.000000;;
           }

           Frame Bip01_R_Finger3Nub {
            

            FrameTransformMatrix relative {
             1.000000,0.000000,0.000000,0.000000,0.000000,-1.000000,0.000000,0.000000,0.000000,0.000000,1.000000,0.000000,0.928688,0.000000,0.000000,1.000000;;
            }

            ObjectMatrixComment object {
             0.154781,-0.000000,0.000000,0.000000,0.000000,0.325360,0.000000,0.000000,0.000000,0.000000,0.325360,0.000000,0.000001,0.000000,0.000000,1.000000;;
            }
           }
          }
         }
        }

        Frame Bip01_R_Finger4 {
         

         FrameTransformMatrix relative {
          0.257050,0.375136,0.890616,0.000000,-0.060524,0.926024,-0.372581,0.000000,-0.964501,0.041868,0.260739,0.000000,4.476006,-1.482504,0.726998,1.000000;;
         }

         ObjectMatrixComment object {
          1.075464,0.000000,0.000000,0.000000,-0.000000,1.084532,0.000000,0.000000,0.000000,0.000000,1.084532,0.000000,0.000000,0.000001,0.000000,1.000000;;
         }

         Frame Bip01_R_Finger41 {
          

          FrameTransformMatrix relative {
           0.441045,0.189725,0.877202,0.000000,-0.374140,0.927289,-0.012445,0.000000,-0.815781,-0.322708,0.479960,0.000000,1.075464,0.000001,0.000000,1.000000;;
          }

          ObjectMatrixComment object {
           0.993057,0.000000,-0.000000,0.000000,0.000000,1.084532,0.000001,0.000000,-0.000000,0.000000,1.084532,0.000000,0.000002,0.000001,0.000001,1.000000;;
          }

          Frame Bip01_R_Finger42 {
           

           FrameTransformMatrix relative {
            0.910284,0.260016,0.322141,0.000000,-0.114771,0.906151,-0.407085,0.000000,-0.397756,0.333591,0.854697,0.000000,0.993059,0.000002,0.000001,1.000000;;
           }

           ObjectMatrixComment object {
            0.936177,0.000000,0.000000,0.000000,0.000000,1.084532,0.000000,0.000000,-0.000000,0.000000,1.084532,0.000000,0.000000,0.000000,-0.000001,1.000000;;
           }

           Frame Bip01_R_Finger4Nub {
            

            FrameTransformMatrix relative {
             1.000000,0.000000,0.000000,0.000000,0.000000,-1.000000,-0.000000,0.000000,0.000000,0.000000,1.000000,0.000000,0.936176,0.000000,-0.000000,1.000000;;
            }

            ObjectMatrixComment object {
             0.156030,-0.000000,0.000000,0.000000,-0.000000,0.271133,-0.000000,0.000000,-0.000000,-0.000000,0.271133,0.000000,0.000000,-0.000001,-0.000000,1.000000;;
            }
           }
          }
         }
        }
       }
      }

      Frame Bip01_R_ForeTwist {
       

       FrameTransformMatrix relative {
        -0.472229,-0.000000,-0.881476,0.000000,0.034788,0.999221,-0.018637,0.000000,0.880789,-0.039465,-0.471861,0.000000,13.256782,0.000001,-0.000000,1.000000;;
       }

       ObjectMatrixComment object {
        3.120469,0.000000,0.000000,0.000000,-0.000000,12.104158,0.000000,0.000000,0.000000,0.000000,12.599046,0.000000,0.000000,0.000000,0.000000,1.000000;;
       }

       Frame Bip01_R_ForeTwist1 {
        

        FrameTransformMatrix relative {
         1.000000,0.000000,0.000000,0.000000,0.000000,0.999221,0.039465,0.000000,0.000000,-0.039465,0.999221,0.000010,3.120471,-0.000001,-0.000001,1.000000;;
        }

        ObjectMatrixComment object {
         3.120470,0.000000,0.000000,0.000000,0.000000,12.104158,-0.000000,0.000000,0.000000,-0.000000,12.599045,0.000000,-0.000001,-0.000000,-0.000002,1.000000;;
        }

        Frame Bip01_R_ForeTwist2 {
         

         FrameTransformMatrix relative {
          1.000000,0.000000,0.000000,0.000000,-0.000000,0.999221,0.039465,0.000000,-0.000000,-0.039465,0.999221,0.000000,3.120469,0.000001,-0.000002,1.000000;;
         }

         ObjectMatrixComment object {
          3.120470,0.000000,0.000000,0.000000,0.000000,12.104160,-0.000000,0.000000,-0.000000,0.000000,12.599048,0.000000,-0.000000,0.000000,0.000000,1.000000;;
         }

         Frame Bip01_R_ForeTwist3 {
          

          FrameTransformMatrix relative {
           1.000000,0.000000,0.000000,0.000000,0.000000,0.999221,0.039465,0.000000,0.000000,-0.039465,0.999221,0.000000,3.120469,0.000000,0.000001,1.000000;;
          }

          ObjectMatrixComment object {
           3.120470,-0.000000,0.000000,0.000000,0.000000,12.104158,-0.000001,0.000000,0.000000,0.000000,12.599048,0.000000,0.000000,0.000000,0.000002,1.000000;;
          }
         }
        }
       }
      }
     }
    }
   }
  }

  Frame Bip01_L_Thigh {
   

   FrameTransformMatrix relative {
    -0.995004,-0.000002,0.099834,0.000000,0.000001,-1.000000,-0.000001,0.000000,0.099834,-0.000001,0.995004,0.000000,-0.000004,3.470505,0.000004,1.000000;;
   }

   ObjectMatrixComment object {
    17.352514,0.000000,0.000000,0.000000,0.000000,17.352514,-0.000000,0.000000,0.000000,0.000000,17.352514,0.000000,0.000002,-0.000000,0.000000,1.000000;;
   }

   Frame Bip01_L_Calf {
    

    FrameTransformMatrix relative {
     0.980066,0.000000,-0.198670-0.000000,0.000000,1.000000,-0.000000,0.000000,0.198670,0.000000,0.980066,0.000000,17.352514,-0.000000,0.000000,1.000000;;
    }

    ObjectMatrixComment object {
     17.352514,0.000000,0.000000,0.000000,-0.000000,17.352514,-0.000000,0.000000,0.000000,0.000000,17.352514,0.000000,0.000000,-0.000001,0.000000,1.000000;;
    }

    Frame Bip01_L_Foot {
     

     FrameTransformMatrix relative {
      0.995004,-0.000000,0.099834,0.000000,0.000000,1.000000,0.000000,0.000000,-0.099834,0.000000,0.995004,0.000000,17.352512,-0.000001,0.000000,1.000000;;
     }

     ObjectMatrixComment object {
      3.991079,0.000000,0.000000,0.000000,0.000000,3.296977,0.000000,0.000000,0.000000,0.000000,6.420429,0.000000,0.000000,0.000000,-0.000000,1.000000;;
     }

     Frame Bip01_L_Toe0 {
      

      FrameTransformMatrix relative {
       0.000000,0.000000,1.000000,0.000000,0.000000,1.000000,0.000000,0.000000,-1.000000,0.000000,0.000000,0.000000,3.991078,0.000000,5.136342,1.000000;;
      }

      ObjectMatrixComment object {
       0.520575,0.000000,0.000000,0.000000,0.000000,0.520575,0.000000,0.000000,0.000000,0.000000,0.520575,0.000000,-0.000000,0.000000,0.000000,1.000000;;
      }

      Frame Bip01_L_Toe0Nub {
       

       FrameTransformMatrix relative {
        1.000000,0.000000,0.000000,0.000000,0.000000,-1.000000,0.000000,0.000000,0.000000,0.000000,1.000000,0.000000,0.520575,0.000000,0.000000,1.000000;;
       }

       ObjectMatrixComment object {
        0.086763,0.000000,0.000000,0.000000,0.000000,0.130144,0.000000,0.000000,0.000000,0.000000,0.130144,0.000000,-0.000000,0.000000,0.000000,1.000000;;
       }
      }
     }
    }
   }
  }

  Frame Bip01_R_Thigh {
   

   FrameTransformMatrix relative {
    -0.995004,-0.000002,0.099834,0.000000,0.000001,-1.000000,-1.000001,0.000000,0.099834,-0.000001,0.995004,0.000000,0.000006,-3.470505,-0.000006,1.000000;;
   }

   ObjectMatrixComment object {
    17.352514,0.000000,0.000000,0.000000,0.000000,17.352514,-0.000000,0.000000,0.000000,0.000000,17.352514,0.000000,0.000002,0.000000,0.000000,1.000000;;
   }

   Frame Bip01_R_Calf {
    

    FrameTransformMatrix relative {
     0.980066,0.000000,-0.198670,0.000000,0.000000,1.000000,-0.000000,0.000000,0.198670,0.000000,0.980066,0.000000,17.352514,0.000000,0.000000,1.000000;;
    }

    ObjectMatrixComment object {
     17.352514,0.000000,0.000000,0.000000,-0.000000,17.352514,-0.000000,0.000000,0.000000,0.000000,17.352514,0.000000,0.000000,0.000000,0.000000,1.000000;;
    }

    Frame Bip01_R_Foot {
     

     FrameTransformMatrix relative {
      0.995004,-0.000000,0.099834,0.000000,0.000000,1.000000,0.000000,0.000000,-0.099834,0.000000,0.995004,0.000000,17.352512,0.000000,0.000000,1.000000;;
     }

     ObjectMatrixComment object {
      3.991079,0.000000,0.000000,0.000000,0.000000,3.296977,0.000000,0.000000,0.000000,0.000000,6.420429,0.000000,0.000000,0.000000,0.000000,1.000000;;
     }

     Frame Bip01_R_Toe0 {
      

      FrameTransformMatrix relative {
       0.000000,0.000000,1.000000,0.000000,0.000000,1.000000,0.000000,0.000000,-1.000000,0.000000,0.000000,0.000000,3.991078,0.000000,5.136342,1.000000;;
      }

      ObjectMatrixComment object {
       0.520575,0.000000,0.000000,0.000000,0.000000,0.520575,0.000000,0.000000,0.000000,0.000000,0.520575,0.000000,-0.000000,0.000000,0.000000,1.000000;;
      }

      Frame Bip01_R_Toe0Nub {
       

       FrameTransformMatrix relative {
        1.000000,0.000000,0.000000,0.000000,0.000000,1.000000,0.000000,0.000000,0.000000,0.000000,1.000000,0.000000,0.520575,0.000000,0.000010,1.000000;;
       }

       ObjectMatrixComment object {
        0.086763,0.000000,0.000000,0.000000,0.000000,0.130144,0.000000,0.000000,0.000000,0.000000,0.130144,0.000000,-0.000000,0.000000,0.000000,1.000000;;
       }
      }
     }
    }
   }
  }
 }
}

Frame gun_root_bone {
 

 FrameTransformMatrix relative {
  0.902905,-0.377338,0.205863,0.000000,0.383721,0.923399,0.009568,0.000000,-0.193704,0.070355,0.978534,0.000000,-6.185739,-6.727706,-15.313173,1.000000;;
 }

 ObjectMatrixComment object {
  1.000000,-0.000000,-0.000000,0.000000,-0.000000,1.000000,-0.000000,0.000000,0.000000,-0.000000,1.000000,0.000000,0.000000,0.000000,-0.000001,1.000000;;
 }

 Mesh mesh_g {
  24;
  1.000001;-1.000001;0.999999;,
  1.000001;-0.999999;-1.000001;,
  -1.000000;-0.999999;-1.000000;,
  -0.999999;-1.000001;0.999998;,
  1.000001;0.999999;1.000001;,
  -1.000000;0.999999;1.000001;,
  -1.000000;1.000001;-0.999999;,
  1.000001;1.000001;-0.999999;,
  1.000001;1.000001;-0.999999;,
  -1.000000;1.000001;-0.999999;,
  -1.000000;-0.999999;-1.000000;,
  1.000001;-0.999999;-1.000001;,
  1.000001;0.999999;1.000001;,
  1.000001;1.000001;-0.999999;,
  1.000001;-0.999999;-1.000001;,
  1.000001;-1.000001;0.999999;,
  -1.000000;0.999999;1.000001;,
  1.000001;0.999999;1.000001;,
  1.000001;-1.000001;0.999999;,
  -0.999999;-1.000001;0.999998;,
  -1.000000;1.000001;-0.999999;,
  -1.000000;0.999999;1.000001;,
  -0.999999;-1.000001;0.999998;,
  -1.000000;-0.999999;-1.000000;;
  12;
  3;0,2,1;,
  3;2,0,3;,
  3;4,6,5;,
  3;6,4,7;,
  3;8,10,9;,
  3;10,8,11;,
  3;12,14,13;,
  3;14,12,15;,
  3;16,18,17;,
  3;18,16,19;,
  3;20,22,21;,
  3;22,20,23;;

  MeshNormals normals {
   24;
   -0.000000;-1.000000;-0.000001;,
   -0.000000;-1.000000;-0.000001;,
   -0.000000;-1.000000;-0.000011;,
   -0.000000;-1.000000;-0.000001;,
   0.000000;1.000000;0.000001;,
   0.000000;1.000000;0.000001;,
   0.000000;1.000000;0.000001;,
   0.000000;1.000000;0.000001;,
   -0.000000;0.000001;-1.000000;,
   -0.000000;0.000001;-1.000000;,
   -0.000000;0.000001;-1.000000;,
   -0.000000;0.000001;-1.000000;,
   1.000000;-0.000000;0.000000;,
   1.000000;-0.000000;0.000000;,
   1.000000;-0.000000;0.000000;,
   1.000000;-0.000000;0.000000;,
   0.000000;-0.000001;1.000000;,
   0.000000;-0.000001;1.000000;,
   0.000000;-0.000001;1.000000;,
   0.000000;-0.000001;1.000000;,
   -1.000000;0.000000;-0.000000;,
   -1.000000;0.000000;-0.000000;,
   -1.000000;0.000000;-0.000000;,
   -1.000000;0.000000;-0.000000;;
   12;
   3;0,2,1;,
   3;2,0,3;,
   3;4,6,5;,
   3;6,4,7;,
   3;8,10,9;,
   3;10,8,11;,
   3;12,14,13;,
   3;14,12,15;,
   3;16,18,17;,
   3;18,16,19;,
   3;20,22,21;,
   3;22,20,23;;
  }

  MeshTextureCoords tc0 {
   24;
   0.000000;0.000000;,
   0.000000;1.000000;,
   1.000000;1.000000;,
   1.000000;0.000000;,
   1.000000;0.000000;,
   0.000000;0.000000;,
   0.000000;1.000000;,
   1.000000;1.000000;,
   1.000000;0.000000;,
   0.000000;0.000000;,
   0.000000;1.000000;,
   1.000000;1.000000;,
   1.000000;0.000000;,
   0.000000;0.000000;,
   0.000000;1.000000;,
   1.000000;1.000000;,
   1.000000;0.000000;,
   0.000000;0.000000;,
   0.000000;1.000000;,
