yof 0303txt 0032
template Frame {
 <3d82ab46-62da-11cf-ab39-0020af71e433>
 [...]
}

template Matrix4x4 {
 <f6f23f45-7686-11cf-8f52-0040333594a3>
 array FLOAT matrix[16];
}

template FrameTransformMatrix {
 <f6f23f41-7686-11cf-8f52-0040333594a3>
 Matrix4x4 frameMatrix;
}

template ObjectMatrixComment {
 <95a48e28-7ef4-4419-a16a-ba9dbdf0d2bc>
 Matrix4x4 objectMatrix;
}

template Vector {
 <3d82ab5e-62da-11cf-ab39-0020af71e433>
 FLOAT x;
 FLOAT y;
 FLOAT z;
}

template MeshFace {
 <3d82ab5f-62da-11cf-ab39-0020af71e433>
 DWORD nFaceVertexIndices;
 array DWORD faceVertexIndices[nFaceVertexIndices];
}

template Mesh {
 <3d82ab44-62da-11cf-ab39-0020af71e433>
 DWORD nVertices;
 array Vector vertices[nVertices];
 DWORD nFaces;
 array MeshFace faces[nFaces];
 [...]
}

template MeshNormals {
 <f6f23f43-7686-11cf-8f52-0040333594a3>
 DWORD nNormals;
 array Vector normals[nNormals];
 DWORD nFaceNormals;
 array MeshFace faceNormals[nFaceNormals];
}

template Coords2d {
 <f6f23f44-7686-11cf-8f52-0040333594a3>
 FLOAT u;
 FLOAT v;
}

template MeshTextureCoords {
 <f6f23f40-7686-11cf-8f52-0040333594a3>
 DWORD nTextureCoords;
 array Coords2d textureCoords[nTextureCoords];
}

template XSkinMeshHeader {
 <3cf169ce-ff7c-44ab-93c0-f78f62d172e2>
 WORD nMaxSkinWeightsPerVertex;
 WORD nMaxSkinWeightsPerFace;
 WORD nBones;
}

template SkinWeights {
 <6f0d123b-bad2-4167-a0d0-80224f25fabb>
 STRING transformNodeName;
 DWORD nWeights;
 array DWORD vertexIndices[nWeights];
 array FLOAT weights[nWeights];
 Matrix4x4 matrixOffset;
}

template AnimTicksPerSecond {
 <9e415a43-7ba6-4a73-8743-b73d47e88476>
 DWORD AnimTicksPerSecond;
}

template Animation {
 <3d82ab4f-62da-11cf-ab39-0020af71e433>
 [...]
}

template AnimationSet {
 <3d82ab50-62da-11cf-ab39-0020af71e433>
 [Animation <3d82ab4f-62da-11cf-ab39-0020af71e433>]
}

template FloatKeys {
 <10dd46a9-775b-11cf-8f52-0040333594a3>
 DWORD nValues;
 array FLOAT values[nValues];
}

template TimedFloatKeys {
 <f406b180-7b3b-11cf-8f52-0040333594a3>
 DWORD time;
 FloatKeys tfkeys;
}

template AnimationKey {
 <10dd46a8-775b-11cf.8f52-0040333594a3>
 DWORD keyType;
 DWORD nKeys;
 array TimedFloatKeys keys[nKeys];
}


Frame Bip01 {
 

 FrameTransformMatrix relative {
  0.000001,0.000000,-1.000000,0.000000,0.000000,1.000000,0.000000,0.000000,1.000000,0.000000,0.000001,0.000000,4.487347,-25.216416,-1.288462,1.000000;;
 }

 ObjectMatrixComment object {
  0.173525,0.000000,0.000000,0.000000,0.000000,0.173525,0.000000,0.000000,0.000000,0.000000,0.173525,0.000000,0.000000,0.000000,0.000000,1.000000;;
 }

 Frame Bip01_Pelvis {
  

  FrameTransformMatrix relative {
   0.000004,1.000000,-0.000001,0.000000,-0.000001,0.000001,1.000000,0.000000,1.000000,-0.000004,0.000001,0.000000,0.000000,0.000000,0.000000,1.000000;;
  }

  ObjectMatrixComment object {
   8.676257,0.000000,-0.000000,0.000000,0.000000,6.941010,-0.000000,0.000000,-0.000000,-0.000000,8.676257,0.000000,0.000000,0.000000,0.000000,1.000000;;
  }

  Frame Bip01_Spine {
   

   FrameTransformMatrix relative {
    1.000000,0.000001,0.000796,0.000000,-0.000001,1.000000,0.000004,0.000000,-0.000796,-0.000004,1.000000,0.000000,3.991085,0.000005,-0.014388,1.000000;;
   }

   ObjectMatrixComment object {
    18.046619,0.000000,0.000000,0.000000,-0.000000,18.046619,0.000000,0.000000,0.000000,0.000000,18.046619,0.000000,0.000000,0.000000,0.000000,1.000000;;
   }

   Frame Bip01_Neck {
    

    FrameTransformMatrix relative {
     1.000000,0.000000,0.000004,0.000000,-0.000000,1.000000,0.000000,0.000000,-0.000004,0.000000,1.000000,0.000000,18.046619,0.000000,-0.002073,1.000000;;
    }

    ObjectMatrixComment object {
     2.602877,-0.000000,-0.000000,0.000000,-0.000000,4.511654,0.000000,0.000000,0.000000,0.000000,4.511654,0.000000,0.000000,0.000000,0.000000,1.000000;;
    }

    Frame Bip01_Head {
     

     FrameTransformMatrix relative {
      1.000000,-0.000000,-0.000802,0.000000,0.000000,1.000000,-0.000000,0.000000,0.000802,-0.000000,1.000000,0.000000,2.602877,0.000000,0.000000,1.000000;;
     }

     ObjectMatrixComment object {
      8.155686,0.000000,0.000000,0.000000,0.000000,7.548349,0.000000,0.000000,0.000000,0.000000,8.155686,0.000000,0.000000,0.000000,0.001000,1.000000;;
     }

     Frame Bip01_HeadNub {
      

      FrameTransformMatrix relative {
       1.000000,0.000000,0.000000,0.000000,0.000000,1.000000,0.000000,0.000000,0.000000,0.000000,1.000000,0.000000,8.155686,0.000000,0.000000,1.000000;;
      }

      ObjectMatrixComment object {
       0.943544,0.000000,0.000000,0.000000,0.000000,0.943544,0.000000,0.000000,0.000000,0.000000,0.943544,0.000000,0.000000,0.000000,0.000000,1.000000;;
      }
     }
    }

    Frame Bip01_L_Clavicle {
     

     FrameTransformMatrix relative {
      -0.711193,0.243718,0.659399,0.000000,0.702997,0.246929,0.666949,0.000000,-0.000278,0.937885,-0.346947,0.000000,0.000001,1.214676,0.002069,1.000000;;
     }

     ObjectMatrixComment object {
      6.654455,0.000000,0.000000,0.000000,0.000000,8.676257,0.000000,0.000000,0.000000,0.000000,11.279130,0.000000,0.000000,-0.000000,0.000000,1.000000;;
     }

     Frame Bip01_L_UpperArm {
      

      FrameTransformMatrix relative {
       0.886557,-0.415724,-0.202953,0.000000,0.169658,-0.115966,0.978656,0.000000,-0.430386,-0.902068,-0.032280,0.000000,6.654456,0.000000,0.000000,1.000000;;
      }

      ObjectMatrixComment object {
       13.256782,0.000000,0.000000,0.000000,0.000000,17.923123,-0.000000,0.000000,-0.000000,0.000000,15.960648,0.000000,0.000000,0.000000,0.000000,1.000000;;
      }

      Frame Bip01_L_Forearm {
       

       FrameTransformMatrix relative {
        -0.317271,0.000000,-0.948335,0.000000,-0.000000,1.000000,0.000000,0.000000,0.948335,0.000000,-0.317271,0.000000,13.256780,0.000000,-0.000000,1.000000;;
       }

       ObjectMatrixComment object {
        12.481878,0.000000,-0.000000,0.000000,-0.000001,12.104159,0.000000,0.000000,0.000000,0.000000,12.599048,0.000000,-0.000001,-0.000000,0.000002,1.000000;;
       }

       Frame Bip01_L_Hand {
        

        FrameTransformMatrix relative {
         0.933622,-0.143431,0.328296,0.000000,-0.129997,-0.989534,-0.062633,0.000000,0.333844,0.015798,-0.942496,0.000000,12.481879,0.000000,0.000006,1.000000;;
        }

        ObjectMatrixComment object {
         4.553092,-0.000000,0.010000,0.000000,-0.000000,4.613227,0.000000,0.000000,-0.000000,-0.000000,5.161657,0.000000,0.000000,-0.000001,0.000000,1.000000;;
        }

        Frame Bip01_L_Finger0 {
         

         FrameTransformMatrix relative {
          0.774903,-0.613759,0.151080,0.000000,0.290267,0.133214,-0.947628,0.000000,0.561490,0.778173,0.281382,0.000000,1.498250,-2.184190,0.805334,1.000000;;
         }

         ObjectMatrixComment object {
          1.414163,0.000000,0.000000,0.000000,0.000000,1.240833,0.000000,0.000000,0.000000,0.000000,1.084532,0.000000,-0.000002,0.000000,-0.000000,1.000000;;
         }

         Frame Bip01_L_Finger01 {
          

          FrameTransformMatrix relative {
           0.989803,-0.036487,0.137694,0.000000,0.071294,0.963747,-0.257116,0.000000,-0.123321,0.264311,0.956521,0.000000,1.414162,0.000000,-0.000001,1.000000;;
          }

          ObjectMatrixComment object {
           1.050122,0.000000,-0.000000,0.000000,-0.000000,1.491657,0.000000,0.000000,0.000000,0.000000,1.084532,0.000000,-0.000002,0.000000,-0.000003,1.000000;;
          }

          Frame Bip01_L_Finger02 {
           

           FrameTransformMatrix relative {
            0.980410,0.000000,-0.196969,0.000000,-0.000000,1.000000,0.000000,0.000000,0.196968,0.000000,0.980410,0.000000,1.050119,0.000000,0.000000,1.000000;;
           }

           ObjectMatrixComment object {
            1.125311,0.000000,0.000000,0.000000,0.000000,1.555457,-0.000000,0.000000,0.000000,0.000000,1.084532,0.000000,-0.000002,0.000000,0.000000,1.000000;;
           }

           Frame Bip01_L_Finger0Nub {
            

            FrameTransformMatrix relative {
             1.000000,-0.000000,0.000000,0.000000,0.000000,1.000000,-0.000000,0.000000,0.000000,0.000000,1.000000,0.000000,1.125309,0.000000,0.000000,1.000000;;
            }

            ObjectMatrixComment object {
             0.187552,0.000000,0.000000,0.000000,0.000000,0.388864,-0.000000,0.000000,0.000000,0.000000,0.271133,0.000000,-0.000002,0.000002,0.000000,1.000000;;
            }
           }
          }
         }
        }

        Frame Bip01_L_Finger1 {
 !       

         FrameTransformMatrix relative {
          0.953140,-0.128639,0.273819,0.000000,0.094293,0.986329,0.135145,0.000000,-0.287460,-0.102993,0.952238,0.000000,4.800346,-1.578575,0.174578,1.000000;;
         }

         ObjectMatrixComment object {
          1.568176,0.000000,0.000000,0.000000,-0.000000,1.301439,0.000000,0.000000,0.000000,0.000000,1.301439,0.000000,-0.000002,0.000000,0.000000,1.000000;;
         }

         Frame Bip01_L_Finger11 {
          

          FrameTransformMatrix relative {
           0.449731,-0.058543,0.891243,0.000000,-0.223905,0.958597,0.175953,0.000000,-0.864643,-0.278685,0.418003,0.000000,1.568174,-0.000002,0.000000,1.000000;;
          }

          ObjectMatrixComment object {
           1.307232,-0.000000,0.000000,0.000000,-0.000000,1.301439,0.000000,0.000000,0.000000,0.000000,1.301439,0.000000,0.000001,-0.000002,-0.000002,1.000000;;
          }

          Frame Bip01_L_Finger12 {
           

           FrameTransformMatrix relative {
            0.747640,0.000000,0.664105,0.000000,-0.000000,1.000000,0.000000,0.000000,-0.664104,-0.000000,0.747640,0.000000,1.307232,0.000000,-0.000002,1.000000;;
           }

           ObjectMatrixComment object {
            0.915793,-0.000000,0.000000,0.000000,0.000000,1.301439,0.000000,0.000000,0.000000,0.000000,1.301439,0.000000,0.000002,0.000002,0.000000,1.000000;;
           }

           Frame Bip01_L_Finger1Nub {
            

            FrameTransformMatrix relative {
             1.000000,-0.000000,0.000000,0.000000,-0.000000,1.000000,0.000000,0.000000,0.000000,0.000000,1.000000,0.000000,0.915794,0.000002,0.000000,1.000000;;
            }

            ObjectMatrixComment object {
             0.152632,-0.000000,-0.000000,0.000000,0.000000,0.325360,0.000000,0.000000,0.000000,0.000000,0.325360,0.000000,0.000002,0.000002,-0.000001,1.000000;;
            }
           }
          }
         }
        }

        Frame Bip01_L_Finger2 {
         

         FrameTransformMatrix relative {
          0.707216,-0.069216,0.703602,0.000000,-0.079779,0.981028,0.176695,0.000000,-0.702483,-0.181094,0.688276,0.000010,5.243442,-0.459307,0.154139,1.000000;;
         }

         ObjectMatrixComment object {
          1.746807,0.000000,0.000000,0.000000,0.000000,1.379125,0.000000,0.000000,0.000000,0.000000,1.518345,0.000000,-0.000001,0.000000,0.000000,1.000000;;
         }

         Frame Bip01_L_Finger21 {
          

          FrameTransformMatrix relative {
           0.398518,0.000000,0.917161,0.000000,0.000000,1.000000,0.000000,0.000000,-0.917161,-0.000000,0.398518,0.000000,1.746805,0.000000,0.000000,1.000000;;
          }

          ObjectMatrixComment object {
           1.294169,-0.000000,-0.000000,0.000000,-0.000000,1.518345,-0.000000,0.000000,0.000000,0.000000,1.518345,0.000000,-0.000002,-0.000001,0.000001,1.000000;;
          }

          Frame Bip01_L_Finger22 {
           

           FrameTransformMatrix relative {
            0.774580,-0.000000,0.632476,0.000000,0.000000,1.000000,-0.000000,0.000000,-0.632476,0.000000,0.774580,0.000000,1.294165,-0.000002,-0.000001,1.000000;;
           }

           ObjectMatrixComment object {
            1.031239,0.000000,0.000000,0.000000,0.000000,1.518345,-0.000000,0.000000,0.000000,0.000000,1.518345,0.000000,0.000002,0.000000,0.000000,1.000000;;
           }

           Frame Bip01_L_Finger2Nub {
            

            FrameTransformMatrix relative {
             1.000000,0.000000,0.000000,0.000000,0.000000,1.000000,-0.000000,0.000000,-0.000000,-0.000000,1.000000,0.000000,1.031241,0.000000,-0.000000,1.000000;;
            }

            ObjectMatrixComment object {
             0.171873,0.000000,0.000000,0.000000,0.000000,0.379586,-0.000000,0.000000,0.000000,0.000000,0.379586,0.000000,-0.000002,0.000000,-0.000000,1.000000;;
            }
           }
          }
         }
        }

        Frame Bip01_L_Finger3 {
         

         FrameTransformMatrix relative {
          0.396162,-0.082923,0.914428,0.000000,-0.405478,0.877741,0.255263,0.000000,-0.823798,-0.471906,0.314105,0.000000,5.031448,0.594824,0.369457,1.000000;;
         }

         ObjectMatrixComment object {
          1.582664,-0.000000,0.000000,0.000000,-0.000000,1.301439,-0.000000,1.000000,0.000000,0.000000,1.301439,0.000000,0.000000,0.000000,0.000002,1.000000;;
         }

         Frame Bip01_L_Finger31 {
          

          FrameTransformMatrix relative {
           0.568697,0.000000,0.822547,0.000000,-0.000000,1.000000,-0.000000,0.000000,-0.822547,0.000000,0.568697,0.000000,1.582664,0.000000,0.000002,1.000000;;
          }

          ObjectMatrixComment object {
           1.210428,-0.000000,0.000000,0.000000,-0.000000,1.301439,-0.000000,0.000000,0.000000,0.000000,1.301439,0.000000,0.000004,0.000000,-0.000000,1.000000;;
          }

          Frame Bip01_L_Finger32 {
           

           FrameTransformMatrix relative {
            0.967776,0.000000,0.251814,0.000000,-0.000000,1.000000,0.000000,0.000000,-0.251814,0.000000,0.967776,0.000000,1.210432,0.000000,0.000001,1.000000;;
           }

           ObjectMatrixComment object {
            0.928687,0.000000,0.000000,0.000000,-0.000000,1.301439,0.000000,0.000000,-0.000000,0.000000,1.301439,0.000000,0.000004,0.000000,-0.000000,1.000000;;
           }

           Frame Bip01_L_Finger3Nub {
            

            FrameTransformMatrix relative {
             1.000000,0.000000,0.000000,0.000000,-0.000000,1.000000,0.000000,0.000000,0.000000,0.000000,1.000000,0.000000,0.928688,0.000000,-0.000001,1.000000;;
            }

            ObjectMatrixComment object {
             0.154781,0.000000,0.000000,0.000000,-0.000000,0.325360,0.000000,0.000000,-0.000000,0.000000,0.325360,0.000000,0.000002,0.000000,0.000000,1.000000;;
            }
           }
          }
         }
        }

        Frame Bip01_L_Finger4 {
         

         FrameTransformMatrix relative {
          0.070295,-0.059483,0.995751,0.000000,-0.552021,0.829121,0.088500,0.000000,-0.830862,-0.555897,0.025447,0.000000,4.476010,1.482502,0.726999,1.000000;;
         }

         ObjectMatrixComment object {
          1.075464,0.000000,0.000000,0.000000,0.000000,1.084532,0.000000,0.000000,0.000000,0.000000,1.084532,0.000000,0.000000,-0.000002,0.000000,1.000000;;
         }

         Frame Bip01_L_Finger41 {
          

          FrameTransformMatrix!relative {
           0.652706,0.000000,0.757612,0.000000,0.000000,1.000000,0.000000,0.000000,-0.757612,-0.000000,0.652706,0.000000,1.075462,-0.000002,-0.000001,1.000000;;
          }

          ObjectMatrixComment object {
           0.993057,-0.000000,0.000000,0.000000,0.000000,1.084532,0.000000,0.000000,-0.000000,-0.000000,1.084532,0.000000,-0.000002,0.000000,0.000000,1.000000;;
          }

          Frame Bip01_L_Finger42 {
           

           FrameTransformMatrix relative {
            0.979356,-0.000000,-0.202143,0.000000,0.000000,1.000000,-0.000000,0.000000,0.202143,0.000000,0.979356,0.000000,0.993055,0.000000,0.000001,1.000000;;
           }

           ObjectMatrixComment object {
            0.936177,0.000000,0.000000,0.000000,-0.000000,1.084532,0.000000,0.000000,0.000000,0.000000,1.084532,0.000000,0.000000,0.000000,-0.000000,1.000000;;
           }

           Frame Bip01_L_Finger4Nub {
            

            FrameTransformMatrix relative {
             1.000000,0.000000,0.000000,0.000000,-0.000000,1.000000,-0.000000,0.000000,0.000000,0.000000,1.000000,0.000000,0.936180,0.000000,-0.000001,1.000000;;
            }

            ObjectMatrixComment object {
             0.156030,0.000000,-0.000000,0.000000,-0.000000,0.271133,0.000000,0.000000,0.000000,0.000000,0.271133,0.000000,0.000002,0.000000,-0.000001,1.000000;;
            }
           }
          }
         }
        }
       }
      }

      Frame Bip01_L_ForeTwist {
       

       FrameTransformMatrix relative {
        -0.317271,0.000000,-0.948335,0.000000,0.304430,0.947074,-0.101849,0.000000,0.898143,-0.321015,-0.300479,0.000000,13.256780,0.000000,-0.000000,1.000000;;
       }

       ObjectMatrixComment object {
        3.120469,0.000000,0.000000,0.000000,-0.000000,12.104158,0.000000,0.000000,0.000000,-0.000000,12.599046,0.000000,-0.000000,-0.000001,0.000002,1.000000;;
       }

       Frame Bip01_L_ForeTwist1 {
        

        FrameTransformMatrix relative {
         1.000000,-0.000000,0.000000,0.000000,-0.000000,0.947074,0.321015,0.000000,0.000000,-0.321015,0.947074,0.000000,3.120470,-0.000001,0.000002,1.001000;;
        }

        ObjectMatrixComment object {
         3.120469,0.000000,-0.000000,0.000000,-0.000000,12.104159,-0.000000,0.000000,-0.000000,-0.000000,12.599046,0.000000,-0.000001,0.000000,0.000000,1.000000;;
        }

        Frame Bip01_L_ForeTwist2 {
         

         FrameTransformMatrix relative {
          1.000000,-0.000000,-0.000000,0.000000,-0.000000,0.947074,0.321015,0.000000,-0.000000,-0.321015,0.947074,0.000000,3.120468,0.000000,0.000000,1.000000;;
         }

         ObjectMatrixComment object {
          3.120469,-0.000000,-0.000000,0.000000,-0.000001,12.104158,0.000000,0.000000,0.000000,0.000000,12.599046,0.000000,-0.000000,0.000002,0.000000,1.000000;;
         }

         Frame Bip01_L_ForeTwist3 {
          

          FrameTransformMatrix relative {
           1.000000,-0.000000,0.000000,0.000000,-0.000000,0.947074,0.321015,0.000000,-0.000000,-0.321015,0.947074,0.000000,3.120469,0.000004,0.000000,1.000000;;
          }

          ObjectMatrixComment object {
           3.120469,-0.000000,0.000000,0.000000,0.000000,12.104158,-0.000000,0.000000,-0.000000,-0.000000,12.599046,0.000000,-0.000001,0.000002,0.000001,1.000000;;
          }
         }
        }
       }
      }
     }
    }

    Frame Bip01_R_Clavicle {
     

     FrameTransformMatrix relative {
      -0.000000,-1.000000,0.000003,0.000000,-1.000000,0.000000,0.000800,0.000000,-0.000800,-0.000003,-1.000000,0.000000,0.000001,-1.214676,0.002076,1.000000;;
     }

     ObjectMatrixComment object {
      6.654455,0.000000,0.000000,0.000000,0.000000,8.676257,0.000000,0.000000,0.000000,0.000000,11.279130,0.000000,0.000000,0.000000,0.000000,1.000000;;
     }

     Frame Bip01_R_UpperArm {
      

      FrameTransformMatrix relative {
       0.956119,0.229803,0.181734,0.000000,-0.272086,0.926515,0.259885,0.000000,-0.108656,-0.297928,0.948384,0.000000,6.654455,-0.000000,0.000000,1.000000;;
      }

      ObjectMatrixComment object {
       13.256782,0.000000,0.000000,0.000000,0.000000,17.923123,0.000000,0.000000,0.000000,0.000000,15.960648,0.000000,0.000000,0.000000,-0.000000,1.000000;;
      }

      Framf Bip01_R_Forearm {
       

       FrameTransformMatrix relative {
        -0.623510,0.000000,-0.781815,0.000000,-0.000000,1.000000,0.000000,0.000000,0.781816,0.000000,-0.623510,0.000000,13.256781,0.000001,0.000000,1.000000;;
       }

       ObjectMatrixComment object {
        12.481878,-0.000000,-0.000000,0.000000,0.000000,12.104158,0.000000,0.000000,0.000000,0.000000,12.599048,0.000000,-0.000001,0.000000,0.000001,1.000000;;
       }

       Frame Bip01_R_Hand {
        

        FrameTransformMatrix relative {
         0.818787,0.525321,-0.231574,0.000000,0.172460,-0.609807,-0.773559,0.000000,-0.547582,0.593443,-0.589898,0.000000,12.481878,-0.000000,0.000002,1.000000;;
        }

        ObjectMatrixComment object {
         4.553092,0.000000,0.000000,0.000000,-0.000000,4.613227,-0.000000,0.000000,-0.000000,0.000000,5.161657,0.000000,-0.000001,0.000002,0.000001,1.000000;;
        }

        Frame Bip01_R_Finger0 {
         

         FrameTransformMatrix relative {
          0.644746,0.592679,0.482735,0.000000,-0.467243,-0.194237,0.862529,0.000000,0.604968,-0.781667,0.151692,0.000000,1.498247,2.184192,0.805334,1.000000;;
         }

         ObjectMatrixComment object {
          1.414163,-0.000000,0.000000,0.000000,-0.000000,1.240833,0.000000,0.000000,0.000000,-0.000000,1.084532,0.000000,0.000000,-0.000000,0.000000,1.000000;;
         }

         Frame Bip01_R_Finger01 {
          

          FrameTransformMatrix relative {
           0.823730,0.047273,0.565008,0.000000,-0.133558,0.984655,0.112330,0.000000,-0.551027,-0.167991,0.817403,0.000000,1.414162,-0.000000,0.000000,1.000000;;
          }

          ObjectMatrixComment object {
           1.050122,0.000000,0.000000,0.000000,0.000000,1.491657,0.000000,0.000000,0.000000,-0.000000,1.084532,0.000000,0.000000,-0.000000,0.000001,1.000000;;
          }

          Frame Bip01_R_Finger02 {
           

           FrameTransformMatrix relative {
            0.818516,0.036375,0.573332,0.000000,-0.119905,0.986831,0.108574,0.000000,-0.561832,-0.157615,0.812098,0.000000,1.050123,0.000000,0.000001,1.000000;;
           }

           ObjectMatrjxComment object {
            1.125311,0.000000,0.000000,0.000000,0.000000,1.555457,-0.000000,0.000000,-0.000000,0.000000,1.084532,0.000000,0.000001,-0.000000,0.000000,1.000000;;
           }

           Frame Bip01_R_Finger0Nub {
            

            FrameTransformMatrix relative {
             1.000000,0.000000,-0.000000,0.000000,-0.000000,-1.000000,0.000000,0.000000,-0.000000,0.000000,1.000000,0.000000,1.125312,-0.000001,0.000000,1.000000;;
            }

            ObjectMatrixComment object {
             0.187552,0.000000,-0.000000,0.000000,-0.000000,0.388864,0.000000,0.000000,-0.000000,-0.000000,0.271133,0.000000,0.000000,0.000001,0.000000,1.000000;;
            }
           }
          }
         }
        }

        Frame Bip01_R_Finger1 {
         

         FrameTransformMatrix relative {
          0.960559,0.190481,-0.202591,0.000000,-0.150873,0.968985,0.195717,0.000000,0.233588,-0.157432,0.959506,0.000000,4.800344,1.578575,0.174578,1.000000;;
         }

         ObjectMatrixComment object {
          1.568176,-0.000000,-0.000000,0.000000,0.000000,1.301439,-0.000000,0.000000,-0.000000,-0.000000,1.301439,0.000000,0.000000,-0.000002,0.000000,1.000000;;
         }

         Frame Bip01_R_Finger11 {
          

          FrameTransformMatrix relative {
           0.960441,0.093397,0.262354,0.000000,-0.024676,0.966920,-0.253886,0.000000,-0.277387,0.237369,0.930974,0.000000,1.568176,-0.000003,0.000000,1.000000;;
          }

          ObjectMatrixComment object {
           1.307232,0.000000,0.000000,0.000000,0.000000,1.301439,0.000000,0.000000,0.000000,-0.000000,1.301439,0.000000,-0.000000,0.000001,0.000000,1.000000;;
          }

          Frame Bip01_R_Finger12 {
           

           FrameTransformMatrix relative {
            0.748528,-0.242055,0.617346,0.000000,0.186738,0.970263,0.154012,0.000000,-0.636267,0.000000,0.771469,0.000000,1.307232,0.000000,0.000000,1.000000;;
           }

           ObjectMatrixComment object {
            0.915793,-0.000000,-0.000000,0.000000,-0.000000,1.301439,-0.000000,0.000000,0.000000,0.000000,1.301439,0.000000,0.000000,0.000001,0.000002,1.000000;;
           }

           Frame Bip01_R_Finger1Nub {
            

            FrameTransformMatrix relative {
             1.000000,-0.000000,0.000000,0.000000,0.000000,-1.000000,-0.000000,0.000000,-0.000000,0.000000,1.000000,0.000000,0.915793,0.000001,0.000001,1.000000;;
            }

            ObjectMatrixComment object {
             0.152632,0.000000,-0.000000,0.000000,0.000000,0.325360,0.000000,0.000000,0.000000,-0.000000,0.325360,0.000000,0.000000,0.000000,0.000001,1.000000;;
            }
           }
          }
         }
        }

        Frame Bip01_R_Finger2 {
         

         FrameTransformMatrix relative {
          0.164583,0.266060,0.949803,0.000000,-0.092288,0.962864,-0.253726,0.000000,-0.982037,-0.045897,0.183025,0.000000,5.243441,0.459307,0.154137,1.000000;;
         }

         ObjectMatrixComment object {
          1.746807,-0.000000,0.000000,0.000000,-0.000000,1.379125,0.000000,0.000000,0.000000,0.000000,1.518345,0.000000,0.000000,0.000001,0.000000,1.000000;;
         }

         Frame Bip01_R_Finger21 {
          

          FrameTransformMatrix relative {
           0.394016,0.252143,0.883841,0.000000,-0.183979,0.963808,-0.192938,0.000000,-0.900501,-0.086588,0.426145,0.000000,1.746807,0.000001,0.000000,1.000000;;
          }

          ObjectMatrixComment object {
           1.294169,0.000000,0.000000,0.000000,0.000000,1.518345,0.000000,0.000000,0.000000,0.000000,1.518345,0.000000,-0.000002,-0.000001,0.000000,1.000000;;
          }

          Frame Bip01_R_Finger22 {
           

           FrameTransformMatrix relative {
            0.887049,0.249407,0.388510,0.000000,-0.194824,0.965144,-0.174759,0.000000,-0.418555,0.079329,0.904720,0.000000,1.294167,-0.000001,0.000000,1.000000;;
           }

           ObjectMatrixComment object {
            1.031239,0.000000,0.000000,0.000000,0.000000,1.518345,0.000000,0.000000,0.000000,0.000000,1.518345,0.000000,-0.000001,0.000000,0.000000,1.000000;;
           }

           Frame Bip01_R_Finger2Nub {
            

            FrameTransformMatrix relative {
             1.000000,0.000000,0.000000,0.000100,0.000000,-1.000000,0.000000,0.000000,0.000000,0.000000,1.000000,0.000000,1.031239,-0.000000,0.000000,1.000000;;
            }

            ObjectMatrixComment object {
             0.171873,-0.000000,0.000000,0.000000,0.000000,0.379586,0.000000,0.000000,0.000000,0.000000,0.379586,0.000000,0.000001,0.000001,0.000001,1.000000;;
            }
           }
          }
         }
        }

        Frame Bip01_R_Finger3 {
         

         FrameTransformMatrix relative {
          -0.025587,0.332906,0.942613,0.000000,-0.067965,0.940161,-0.333884,0.000000,-0.997359,-0.072608,-0.001429,0.000000,5.031445,-0.594825,0.369458,1.000000;;
         }

         ObjectMatrixComment object {
          1.582664,0.000000,-0.000000,0.000000,0.000000,1.301439,0.000000,0.000000,-0.000000,0.000000,1.301439,0.000000,0.000001,-0.000001,0.000001,1.000000;;
         }

         Frame Bip01_R_Finger31 {
          

          FrameTransformMatrix relative {
           0.555786,0.278759,0.783196,0.000000,-0.263137,0.952655,-0.152342,0.000000,-0.788582,-0.121418,0.602824,0.000000,1.582665,0.000001,0.000001,1.000000;;
          }

          ObjectMatrixComment object {
           1.210428,0.000000,0.000000,0.000000,-0.000000,1.301439,0.000000,0.000000,-0.000000,0.000000,1.301439,0.000000,0.000000,0.000000,-0.000000,1.000000;;
          }

          Frame Bip01_R_Finger32 {
           

           FrameTransformMatrix relative {
            0.783408,0.253300,0.567548,0.000000,0.118057,0.835905,-0.536028,0.000000,-0.610191,0.486931,0.624952,0.000000,1.210430,0.000000,-0.000000,1.000000;;
           }

           ObjectMatrixComment object {
            0.928687,0.000000,0.000000,0.000000,-0.000000,1.301439,-0.000000,0.000000,0.000000,0.000000,1.301439,0.000000,0.000001,0.000001,0.000000,1.000000;;
           }

           Frame Bip01_R_Finger3Nub {
            

            FrameTransformMatrix relative {
             1.000000,0.000000,0.000000,0.000000,0.000000,-1.000000,0.000000,0.000000,0.000000,0.000000,1.000000,0.000000,0.928687,0.000000,0.000000,1.000000;;
            }

            ObjectMatrixComment object {
             0.154781,0.000000,0.000000,0.000000,0.000000,0.325360,0.000000,0.000000,0.000000,-0.000000,0.325360,0.000000,0.000000,0.000000,-0.000001,1.000000;;
            }
           }
          }
         }
        }

        Frame Bip01_R_Finger4 {
         

         FrameTransformMatrix relative {
          0.257050,0.375136,0.890616,0.000000,-0.060524,0.926024,-0.372581,0.000000,-0.964502,0.041869,0.260739,0.000000,4.476008,-1.482501,0.727001,1.000000;;
         }

         ObjectMatrixComment object {
          1.075464,0.000000,0.000000,0.000000,-0.000000,1.084532,-0.000000,0.000000,0.000000,0.000000,1.084532,0.000000,0.000000,0.000000,0.000000,1.000000;;
         }

         Frame Bip01_R_Finger41 {
          

          FrameTransformMatrix relative {
           0.441045,0.189725,0.877202,0.000000,-0.374140,0.927289,-0.012445,0.000000,-0.815781,-0.322708,0.479960,0.000000,1.075464,0.000001,0.000000,1.000000;;
          }

          ObjectMatrixComment object {
           0.993057,0.000000,0.000000,0.000000,-0.000000,1.084532,0.000000,0.000000,-0.000000,0.000000,1.084532,0.000000,0.000000,-0.000001,0.000001,1.000000;;
          }

          Frame Bip01_R_Finger42 {
           

           FrameTransformMatrix relative {
            0.910284,0.260015,0.322141,0.000000,-0.114771,0.906151,-0.407085,0.000000,-0.397756,0.333591,0.854697,0.000000,0.993057,0.000000,0.000000,1.000000;;
           }

           ObjectMatrixComment object {
            0.936177,0.000000,-0.000000,0.000000,-0.000000,1.084532,0.000000,0.000000,0.000000,0.000000,1.084532,0.000000,0.000000,0.000000,-0.000002,1.000000;;
           }

           Frame Bip01_R_Finger4Nub {
            

            FrameTransformMatrix relative {
             1.000000,0.000000,-0.000000,0.000000,-0.000000,-1.000000,-0.000000,0.000000,0.000000,0.000000,1.000000,0.000000,0.936176,0.000000,0.000000,1.000000;;
            }

            ObjectMatrixComment object {
             0.156030,0.000000,-0.000000,0.000000,0.000000,0.271133,-0.000000,0.000000,0.000000,-0.000000,0.271133,0.000000,0.000000,-0.000000,0.000001,1.000000;;
       !    }
           }
          }
         }
        }
       }
      }

      Frame Bip01_R_ForeTwist {
       

       FrameTransformMatrix relative {
        -0.623510,0.000000,-0.781815,0.000000,-0.104074,0.991100,0.083001,0.000000,0.774858,0.133119,-0.617961,0.000000,13.256781,0.000001,0.000000,1.000000;;
       }

       ObjectMatrixComment object {
        3.120469,0.000000,-0.000000,0.000000,-0.000000,12.104158,0.000000,0.000000,0.000000,0.000000,12.599046,0.000000,-0.000001,0.000001,0.000001,1.000000;;
       }

       Frame Bip01_R_ForeTwist1 {
        

        FrameTransformMatrix relative {
         1.000000,0.000000,0.000000,0.000000,-0.000000,0.991100,-0.133118,0.000000,0.000000,0.133119,0.991100,0.000000,3.120469,0.000000,0.000002,1.000000;;
        }

        ObjectMatrixComment object {
         3.120469,-0.000000,0.000000,0.000000,0.000000,12.104159,-0.000000,0.000000,0.000000,0.000000,12.599046,0.000000,-0.000000,0.000000,-0.000001,1.000000;;
        }

        Frame Bip01_R_ForeTwist2 {
         

         FrameTransformMatrix relative {
          1.000000,-0.000000,0.000000,0.000000,-0.000000,0.991100,-0.133118,0.000000,-0.000000,0.133118,0.991100,0.000000,3.120469,-0.000000,0.000000,1.000000;;
         }

         ObjectMatrixComment object {
          3.120469,0.000000,0.000000,0.000000,0.000000,12.104158,-0.000001,0.000000,-0.000000,0.000000,12.599046,0.000000,-0.000000,0.000001,0.000001,1.000000;;
         }

         Frame Bip01_R_ForeTwist3 {
          

          FrameTransformMatrix relative {
           1.000000,0.000000,0.000000,0.000000,0.000000,0.991100,-0.133119,0.000000,-0.000000,0.133118,0.991100,0.000000,3.120470,0.000001,0.000002,1.000000;;
          }

          ObjectMatrixComment object {
           3.120469,0.000000,0.000000,0.000000,0.000000,12.104158,-0.000001,0.000000,-0.000000,0.000000,12.599046,0.000000,-0.000001,0.000000,0.000000,1.000000;;
          }
         }
        }
       }
      }
     }
    }
   }
  }

  Frame Bip01_L_Thigh {
   

   FrameTransformMatrix relative {
    -0.995004,-0.000002,0.099834,0.000000,0.000001,-1.001000,-0.000006,0.000000,0.099834,-0.000005,0.995004,0.000000,-0.000006,3.470505,0.000004,1.000000;;
   }

   ObjectMatrixComment object {
    17.352514,0.000000,0.000000,0.000000,0.000000,17.352514,0.000000,0.000000,0.000000,0.000000,17.352514,0.000000,0.000000,0.000000,0.000000,1.000000;;
   }

   Frame Bip01_L_Calf {
    

    FrameTransformMatrix relative {
     0.980066,0.000000,-0.198670,0.000000,-0.000000,1.000000,0.000000,0.000000,0.198670,0.000000,0.980066,0.000000,17.352512,0.000000,0.000000,1.000000;;
    }

    ObjectMatrixComment object {
     17.352514,0.000000,0.000000,0.000000,0.000000,17.352514,0.000000,0.000000,0.000000,0.000000,17.352514,0.000000,-0.000008,0.000000,0.000000,1.000000;;
    }

    Frame Bip01_L_Foot {
     

     FrameTransformMatrix relative {
      0.995004,-0.000000,0.099834,0.000000,-0.000000,1.000000,0.000004,0.000000,-0.099834,-0.000004,0.995004,0.000000,17.352509,-0.000000,0.000000,1.000000;;
     }

     ObjectMatrixComment object {
      3.991079,0.000000,0.000000,0.000000,0.000000,3.296977,0.000000,0.000000,0.000000,0.000000,6.420429,0.000000,0.000000,0.000000,0.000000,1.000000;;
     }

     Frame Bip01_L_Toe0 {
      

      FrameTransformMatrix relative {
       0.000000,0.000000,1.000000,0.000000,0.000000,1.000000,0.000000,0.000000,-1.000000,0.000000,0.000000,0.000000,3.991078,-0.000000,5.136343,1.000000;;
      }

      ObjectMatrixComment object {
       0.520575,0.000000,0.000000,0.000000,0.000000,0.520575,0.000000,0.000000,0.000000,0.000000,0.520575,0.000000,-0.000000,0.000000,0.000000,1.000000;;
      }

      Frame Bip01_L_Toe0Nub {
       

       FrameTransformMatrix relative {
        1.000000,0.000000,0.000000,0.000000,0.000000,-1.000000,0.000000,0.000000,0.000000,0.000000,1.000000,0.000000,0.520575,0.000000,0.000000,1.000000;;
       }

       ObjectMatrixComment object {
        0.086763,0.000000,0.000000,0.000000,0.000000,0.130144,0.000000,0.000000,0.000000,0.000000,0.130144,0.000000,-0.000000,0.000000,0.000000,1.000000;;
       }
      }
     }
    }
   }
  }

  Frame Bip01_R_Thigh {
   

   FrameTransformMatrix relative |
    -0.995004,-0.000002,0.099834,0.000000,0.000001,-1.000000,-0.000006,0.000000,0.099834,-0.000005,0.995004,0.000000,0.000004,-3.470505,-0.000006,1.000000;;
   }

   ObjectMatrixComment object {
    17.352514,0.000000,0.000000,0.000000,0.000000,17.352514,0.000000,0.000000,0.000000,0.000000,17.352514,0.000000,0.000002,-0.000000,0.000000,1.000000;;
   }

   Frame Bip01_R_Calf {
    

    FrameTransformMatrix relative {
     0.980066,0.000000,-0.198670,0.000000,-0.000000,1.000000,0.000000,0.000000,0.198670,0.000000,0.980066,0.000000,17.352514,-0.000000,0.000000,1.000000;;
    }

    ObjectMatrixComment object {
     17.352514,0.000000,0.000000,0.000000,0.000000,17.352514,0.000000,0.000000,0.000000,0.000000,17.352514,0.000000,-0.000004,-0.000000,0.000000,1.000000;;
    }

    Frame Bip01_R_Foot {
     

     FrameTransformMatrix relative {
      0.995004,-0.000000,0.099834,0.000000,-0.000000,1.000000,0.000004,0.000000,-0.099834,-0.000004,0.995004,0.000000,17.352509,-0.000000,0.000000,1.000000;;
     }

     ObjectMatrixComment object {
      3.991079,0.000000,0.000000,0.000000,0.000000,3.296977,0.000000,0.000000,0.000000,0.000000,6.420429,0.000000,0.000000,0.000000,0.000000,1.000000;;
     }

     Frame Bip01_R_Toe0 {
      

      FrameTransformMatrix relative {
       0.000000,0.000000,1.000000,0.000000,0.000000,1.000000,0.000000,0.000000,-1.000000,0.000000,0.000000,0.000000,3.991078,0.000000,5.136343,1.000000;;
      }

      ObjectMatrixComment object {
       0.520575,0.000000,0.000000,0.000000,0.000000,0.520575,0.000000,0.000000,0.000000,0.000000,0.520575,0.000000,-0.000000,0.000000,0.000000,1.000000;;
      }

      Frame Bip01_R_Toe0Nub {
       

       FrameTransformMatrix relative {
        1.000000,0.000000,0.000000,0.000000,0.000000,1.000000,0.000000,0.000000,0.000000,0.000000,1.000000,0.000000,0.520575,0.000000,0.000000,1.000000;;
       }

       ObjectMatrixComment object {
        0.086763,0.000000,0.000000,0.000000,0.000000,0.130144,0.000000,0.000000,0.000000,0.000000,0.130144,0.000000,-0.000000,0.000000,0.000000,1.000000;;
       }
      }
     }
    }
   }
  }
 }
}
Frame arms_newuv {
 

 FrameTransformMatrix relative {
  1.000000,0.000000,0.000000,0.000000,0.000000,1.000000,0.000000,0.000000,0.000000,0.000000,1.000000,0.000000,0.000000,0.000000,0.000000,1.000000;;
 }

 ObjectMatrixComment object {
  1.000000,0.000000,0.000000,0.000000,0.000000,1.000000,0.000000,0.000000,0.000000,0.000000,1.000000,0.000000,0.000000,0.000000,0.000000,1.000000;;
 }

 Mesh mesh_a {
  1990;
  -7.778451;-2.396387;-25.890221;,
  -7.131062;-2.446071;-25.836547;,
  -7.396873;-2.325676;-25.188902;,
  -7.941629;-2.347263;-25.212755;,
  -8.253465;-2.613738;-25.874914;,
  -8.533382;-2.766087;-25.245112;,
  -8.735075;-3.182297;-25.826931;,
  -8.779566;-3.316282;-25.171606;,
  -8.916058;-3.844934;-25.799646;,
  -8.933078;-3.816869;-25.121288;,
  -8.974833;-4.437506;-25.708542;,
  -9.064908;-4.347161;-25.083654;,
  -8.689793;-5.004398;-25.638126;,
  -8.880510;-4.800161;-24.948480;,
  -8.299406;-5.198770;-25.464155;,
  -8.362972;-5.088339;-24.908875;,
  -7.939011;-5.276432;-25.331474;,
  -7.859377;-5.223950;-24.800370;,
  -7.614350;-5.298129;-25.253141;,
  -7.939011;-5.276432;-25.331474;,
  -7.859377;-5.223950;-24.800370;,
  -7.571984;-5.265410;-24.726728;,
  -7.223994;-5.209282;-25.222187;,
  -7.131008;-5.095831;-24.648728;,
  -6.823742;-4.661640;-25.387714;,
  -6.793493;-4.554993;-24.695816;,
  -6.597023;-4.093103;-25.603293;,
  -6.585855;-3.986878;-24.886008;,
  -6.581261;-3.550417;-25.672016;,
  -6.617717;-3.527170;-25.006760;,
  -6.593915;-3.014571;-25.741710;,
  -6.753390;-3.013020;-25.092144;,
  -6.701196;-2.576056;-25.780123;,
  -6.945960;-2.543818;-25.144400;,
  -7.147989;-2.393048;-25.147261;,
  -6.882962;-2.473043;-25.797830;,
  -8.476526;-2.793797;-24.570928;,
  -8.721445;-3.312292;-24.528021;,
  -8.036166;-2.400279;-24.598736;,
  -8.862319;-3.855929;-24.366341;,
  -8.946362;-4.367177;-24.245453;,
  -8.722401;-4.824083;-24.218357;,
  -8.414964;-5.093899;-24.134565;,
  -7.830306;-5.287720;-24.071768;,
  -7.428428;-5.279606;-24.047670;,
  -7.830306;-5.287720;-24.071768;,
  -6.993351;-5.020503;-24.028123;,
  -6.648738;-4.458292;-24.128774;,
  -6.525817;-3.947174<-24.362411;,
  -6.562742;-3.459217;-24.371459;,
  -6.768254;-2.937291;-24.464859;,
  -7.048946;-2.457189;-24.524091;,
  -7.234108;-2.338664;-24.537635;,
  -7.446257;-2.294982;-24.585163;,
  -7.450369;-2.269102;-23.887283;,
  -7.952010;-2.341762;-23.867834;,
  -8.421762;-2.688032;-23.735058;,
  -8.710338;-3.207576;-23.650258;,
  -8.911594;-3.834925;-23.567973;,
  -8.925507;-4.426362;-23.454944;,
  -8.687065;-4.882010;-23.249142;,
  -8.285115;-5.238043;-22.990747;,
  -7.718589;-5.391912;-22.873533;,
  -7.179245;-5.176247;-22.989616;,
  -7.718589;-5.391912;-22.873533;,
  -6.761846;-4.797366;-23.120638;,
  -6.524284;-4.321008;-23.295314;,
  -6.422531;-3.749719;-23.454845;,
  -6.482718;-3.306626;-23.542098;,
  -6.694350;-2.819796;-23.727762;,
  -7.003246;-2.452414;-23.781038;,
