xof 0303txt 0032

// DirectX 9.0 file
// Creator: Ultimate Unwrap3D Pro v3.15
// Time: Fri Apr 24 14:49:18 2009

// Start of Templates

template VertexDuplicationIndices {
 <b8d65549-d7c9-4995-89cf-53a9a8b031e3>
 DWORD nIndices;
 DWORD nOriginalVertices;
 array DWORD indices[nIndices];
}

template FVFData {
 <b6e70a0e-8ef9-4e83-94ad-ecc8b0c04897>
 DWORD dwFVF;
 DWORD nDWords;
 array DWORD data[nDWords];
}

template Header {
 <3D82AB43-62DA-11cf-AB39-0020AF71E433>
 WORD major;
 WORD minor;
 DWORD flags;
}

template Vector {
 <3D82AB5E-62DA-11cf-AB39-0020AF71E433>
 FLOAT x;
 FLOAT y;
 FLOAT z;
}

template Coords2d {
 <F6F23F44-7686-11cf-8F52-0040333594A3>
 FLOAT u;
 FLOAT v;
}

template Matrix4x4 {
 <F6F23F45-7686-11cf-8F52-0040333594A3>
 array FLOAT matrix[16];
}

template ColorRGBA {
 <35FF44E0-6C7C-11cf-8F52-0040333594A3>
 FLOAT red;
 FLOAT green;
 FLOAT blue;
 FLOAT alpha;
}

template ColorRGB {
 <D3E16E81-7835-11cf-8F52-0040333594A3>
 FLOAT red;
 FLOAT green;
 FLOAT blue;
}

template IndexedColor {
 <1630B820-7842-11cf-8F52-0040333594A3>
 DWORD index;
 ColorRGBA indexColor;
}

template Material {
 <3D82AB4D-62DA-11cf-AB39-0020AF71E433>
 ColorRGBA faceColor;
 FLOAT power;
 ColorRGB specularColor;
 ColorRGB emissiveColor;
 [...]
}

template TextureFilename {
 <A42790E1-7810-11cf-8F52-0040333594A3>
 STRING filename;
}

template MeshFace {
 <3D82AB5F-62DA-11cf-AB39-0020AF71E433>
 DWORD nFaceVertexIndices;
 array DWORD faceVertexIndices[nFaceVertexIndices];
}

template MeshTextureCoords {
 <F6F23F40-7686-11cf-8F52-0040333594A3>
 DWORD nTextureCoords;
 array Coords2d textureCoords[nTextureCoords];
}

template MeshMaterialList {
 <F6F23F42-7686-11cf-8F52-0040333594A3>
 DWORD nMaterials;
 DWORD nFaceIndexes;
 array DWORD faceIndexes[nFaceIndexes];
 [Material]
}

template MeshNormals {
 <F6F23F43-7686-11cf-8F52-0040333594A3>
 DWORD nNormals;
 array Vector normals[nNormals];
 DWORD nFaceNormals;
 array MeshFace faceNormals[nFaceNormals];
}

template MeshVertexColors {
 <1630B821-7842-11cf-8F52-0040333594A3>
 DWORD nVertexColors;
 array IndexedColor vertexColors[nVertexColors];
}

template Mesh {
 <3D82AB44-62DA-11cf-AB39-0020AF71E433>
 DWORD nVertices;
 array Vector vertices[nVertices];
 DWORD nFaces;
 array MeshFace faces[nFaces];
 [...]
}

template FrameTransformMatrix {
 <F6F23F41-7686-11cf-8F52-0040333594A3>
 Matrix4x4 frameMatrix;
}

template Frame {
 <3D82AB46-62DA-11cf-AB39-0020AF71E433>
 [...]
}

template FloatKeys {
 <10DD46A9-775B-11cf-8F52-0040333594A3>
 DWORD nValues;
 array FLOAT values[nValues];
}

template TimedFloatKeys {
 <F406B180-7B3B-11cf-8F52-0040333594A3>
 DWORD time;
 FloatKeys tfkeys;
}

template AnimationKey {
 <10DD46A8-775B-11cf-8F52-0040333594A3>
 DWORD keyType;
 DWORD nKeys;
 array TimedFloatKeys keys[nKeys];
}

template AnimationOptions {
 <E2BF56C0-840F-11cf-8F52-0040333594A3>
 DWORD openclosed;
 DWORD positionquality;
}

template Animation {
 <3D82AB4F-62DA-11cf-AB39-0020AF71E433>
 [...]
}

template AnimationSet {
 <3D82AB50-62DA-11cf-AB39-0020AF71E433>
 [Animation]
}

template XSkinMeshHeader {
 <3CF169CE-FF7C-44ab-93C0-F78F62D172E2>
 WORD nMaxSkinWeightsPerVertex;
 WORD nMaxSkinWeightsPerFace;
 WORD nBones;
}

template SkinWeights {
 <6F0D123B-BAD2-4167-A0D0-80224F25FABB>
 STRING transformNodeName;
 DWORD nWeights;
 array DWORD vertexIndices[nWeights];
 array FLOAT weights[nWeights];
 Matrix4x4 matrixOffset;
}

template AnimTicksPerSecond {
 <9E415A43-7BA6-4a73-8743-B73D47E88476>
 DWORD AnimTicksPerSecond;
}

AnimTicksPerSecond {
 30;
}

// Start of Frames

   Frame U3DRoot {
      FrameTransformMatrix {
       1.000000, 0.000000, 0.000000, 0.000000,
       0.000000, 1.000000, 0.000000, 0.000000,
       0.000000, 0.000000, 1.000000, 0.000000,
       -17.872431, -0.000008, -43.154488, 1.000000;;
      }

      Frame SceneRoot {
         FrameTransformMatrix {
          1.000000, 0.000000, 0.000000, 0.000000,
          0.000000, 1.000000, 0.000000, 0.000000,
          0.000000, 0.000000, 1.000000, 0.000000,
          15.184949, -2.380457, 36.665321, 1.000000;;
         }

         Frame untitled {
            FrameTransformMatrix {
             1.000000, 0.000000, 0.000000, 0.000000,
             0.000000, 1.000000, 0.000000, 0.000000,
             0.000000, 0.000000, 1.000000, 0.000000,
             0.000000, 0.000000, 0.000000, 1.000000;;
            }

            Frame Scene_Root {
               FrameTransformMatrix {
                1.000000, 0.000000, 0.000000, 0.000000,
                0.000000, 1.000000, 0.000000, 0.000000,
                0.000000, 0.000000, 1.000000, 0.000000,
                0.000000, 0.000000, 0.000000, 1.000000;;
               }

               Frame MapRoot {
                  FrameTransformMatrix {
                   1.000000, 0.000000, 0.000000, 0.000000,
                   0.000000, 1.000000, 0.000000, 0.000000,
                   0.000000, 0.000000, 1.000000, 0.000000,
                   0.000000, 0.000000, 0.000000, 1.000000;;
                  }

                  Frame MapRoot_Null {
                     FrameTransformMatrix {
                      0.998635, 0.000059, -0.052231, 0.000000,
                      0.000059, 0.999997, 0.002258, 0.000000,
                      0.052231, -0.002258, 0.998632, 0.000000,
                      4.351626, 2.940862, -47.225567, 1.000000;;
                     }

                     Frame MapRoot_horse_Hips {
                        FrameTransformMatrix {
                         0.981569, 0.170576, 0.086173, 0.000000,
                         0.109739, -0.133924, -0.984897, 0.000000,
                         -0.156459, 0.976201, -0.150174, 0.000000,
                         -0.429515, 89.148163, 8.097016, 1.000000;;
                        }

                        Frame MapRoot_horse_Spine {
                           FrameTransformMatrix {
                            0.999780, 0.003599, -0.020673, 0.000000,
                            -0.002625, 0.998894, 0.046955, 0.000000,
                            0.020819, -0.046890, 0.998683, 0.000000,
                            -0.000004, 11.817119, 0.000006, 1.000000;;
                           }

                           Frame MapRoot_horse_Spine1 {
                              FrameTransformMatrix {
                               0.999499, 0.009005, -0.030377, 0.000000,
                               -0.004013, 0.987015, 0.160576, 0.000000,
                               0.031429, -0.160374, 0.986556, 0.000000,
                               0.038697, 16.016966, 0.254528, 1.000000;;
                              }

                              Frame MapRoot_horse_Spine2 {
                                 FrameTransformMatrix {
                                  0.999099, 0.010530, -0.041112, 0.000000,
                                  -0.005428, 0.992480, 0.122290, 0.000000,
                                  0.042090, -0.121956, 0.991643, 0.000000,
                                  -0.000005, 14.089130, 0.000025, 1.000000;;
                                 }

                                 Frame MapRoot_horse_Spine3 {
                                    FrameTransformMatrix {
                                     0.999780, 0.003971, -0.020572, 0.000000,
                                     -0.002617, 0.997854, 0.065428, 0.000000,
                                     0.020788, -0.065360, 0.997645, 0.000000,
                                     0.000006, 12.836836, -0.000002, 1.000000;;
                                    }

                                    Frame MapRoot_horse_Spine4 {
                                       FrameTransformMatrix {
                                        0.996330, -0.051634, -0.068267, 0.000000,
                                        -0.034381, 0.488985, -0.871614, 0.000000,
                                        0.078386, 0.870763, 0.485415, 0.000000,
                                        0.000001, 10.321248, 0.000003, 1.000000;;
                                       }

                                       Frame MapRoot_horse_Neck_1 {
                                          FrameTransformMatrix {
                                           0.999000, -0.006740, 0.044200, 0.000000,
                                           -0.038493, 0.373243, 0.926935, 0.000000,
                                           -0.022745, -0.927709, 0.372610, 0.000000,
                                           -0.000008, 4.825075, -0.000024, 1.000000;;
                                          }

                                          Frame MapRoot_horse_Neck_2 {
                                             FrameTransformMatrix {
                                              0.999350, -0.002558, 0.035971, 0.000000,
                                              0.006702, 0.993279, -0.115554, 0.000000,
                                              -0.035434, 0.115720, 0.992650, 0.000000,
                                              0.000002, 12.918877, -0.000021, 1.000000;;
                                             }

                                             Frame MapRoot_horse_Neck_3 {
                                                FrameTransformMatrix {
                                                 0.998830, -0.004938, 0.048099, 0.000000,
                                                 0.009083, 0.996224, -0.086339, 0.000000,
                                                 -0.047491, 0.086675, 0.995104, 0.000000,
                                                 -0.000003, 12.485796, 0.000016, 1.000000;;
                                                }

                                                Frame MapRoot_horse_Head {
                                                   FrameTransformMatrix {
                                                    0.999697, 0.009002, 0.022917, 0.000000,
                                                    0.003818, 0.862828, -0.505484, 0.000000,
                                                    -0.024324, 0.505418, 0.862532, 0.000000,
                                                    0.000002, 9.867969, -0.000022, 1.000000;;
                                                   }

                                                   Frame MapRoot_horse_End_Head {
                                                      FrameTransformMatrix {
                                                       1.000000, 0.000000, 0.000000, 0.000000,
                                                       0.000000, 1.000000, 0.000000, 0.000000,
                                                       0.000000, 0.000000, 1.000000, 0.000000,
                                                       0.000011, 22.907724, -0.000039, 1.000000;;
                                                      }

                                                   }
                                                   Frame MapRoot_horse_Left_ear1 {
                                                      FrameTransformMatrix {
                                                       -1.000000, 0.000000, 0.000000, 0.000000,
                                                       0.000000, -0.336967, 0.941516, 0.000000,
                                                       0.000000, 0.941516, 0.336967, 0.000000,
                                                       2.745026, 3.852039, 7.526149, 1.000000;;
                                                      }

                                                   }
                                                   Frame MapRoot_horse_Right_ear1 {
                                                      FrameTransformMatrix {
                                                       -1.000000, 0.000000, 0.000000, 0.000000,
                                                       0.000000, -0.336967, 0.941516, 0.000000,
                                                       0.000000, 0.941516, 0.336967, 0.000000,
                                                       -2.744733, 3.852096, 7.526210, 1.000000;;
                                                      }

                                                      Frame MapRoot_horse_End_Right_ear1 {
                                                         FrameTransformMatrix {
                                                          1.000000, 0.000000, 0.000000, 0.000000,
                                                          0.000000, 1.000000, 0.000000, 0.000000,
                                                          0.000000, 0.000000, 1.000000, 0.000000,
                                                          -0.000004, 5.273569, -0.000036, 1.000000;;
                                                         }

                                                      }
                                                   }
                                                }
                                             }
                                          }
                                       }
                                       Frame MapRoot_horse_LeftShoulder {
                                          FrameTransformMatrix {
                                           0.931644, -0.239573, -0.273210, 0.000000,
                                           0.262962, 0.963409, 0.051905, 0.000000,
                                           0.250778, -0.120201, 0.960553, 0.000000,
                                           2.978425, -4.616397, -5.801831, 1.000000;;
                                          }

                                          Frame MapRoot_horse_LeftArm {
                                             FrameTransformMatrix {
                                              -0.939170, -0.288473, -0.186392, 0.000000,
                                              0.192432, 0.007544, -0.981281, 0.000000,
                                              0.284480, -0.957458, 0.048427, 0.000000,
                                              7.970629, 19.541521, -4.194098, 1.000000;;
                                             }

                                             Frame MapRoot_horse_LeftForeArm {
                                                FrameTransformMatrix {
                                                 0.985471, 0.054046, 0.161015, 0.000000,
                                                 0.111097, 0.511953, -0.851799, 0.000000,
                                                 -0.128468, 0.857311, 0.498511, 0.000000,
                                                 -0.253231, 16.588739, -1.954131, 1.000000;;
                                                }

                                                Frame MapRoot_horse_LeftHand {
                                                   FrameTransformMatrix {
                                                    0.999305, -0.019268, 0.031903, 0.000000,
                                                    0.015961, 0.994773, 0.100858, 0.000000,
                                                    -0.033680, -0.100278, 0.994389, 0.000000,
                                                    -4.797806, 28.819302, 8.336669, 1.000000;;
                                                   }

                                                   Frame MapRoot_horse_LeftHandIndex {
                                                      FrameTransformMatrix {
                                                       0.963693, 0.219182, -0.152495, 0.000000,
                                                       -0.257166, 0.915562, -0.309216, 0.000000,
                                                       0.071844, 0.337205, 0.938686, 0.000000,
                                                       -2.544689, 18.321358, 1.923602, 1.000000;;
                                                      }

                                                      Frame MapRoot_horse_End_LeftHandIndex {
                                                         FrameTransformMatrix {
                                                          1.000000, 0.000000, 0.000000, 0.000000,
                                                          0.000000, 1.000000, 0.000000, 0.000000,
                                                          0.000000, 0.000000, 1.000000, 0.000000,
                                                          2.417613, 11.442226, -0.403940, 1.000000;;
                                                         }

                                                      }
                                                   }
                                                }
                                             }
                                          }
                                       }
                                       Frame MapRoot_horse_RightShoulder {
                                          FrameTransformMatrix {
                                           0.938186, 0.244725, 0.244779, 0.000000,
                                           -0.142049, 0.917110, -0.372466, 0.000000,
                                           -0.315641, 0.314672, 0.895183, 0.000000,
                                           -2.978433, -4.616567, -5.801683, 1.000000;;
                                          }

                                          Frame MapRoot_horse_RightArm {
                                             FrameTransformMatrix {
                                              -0.938595, 0.256167, 0.231128, 0.000000,
                                              -0.141101, 0.326319, -0.934669, 0.000000,
                                              -0.314853, -0.909887, -0.270136, 0.000000,
                                              -0.000001, 25.194218, 0.000004, 1.000000;;
                                             }

                                             Frame MapRoot_horse_RightForeArm {
                                                FrameTransformMatrix {
                                                 0.996594, -0.081648, -0.011592, 0.000000,
                                                 0.038503, 0.584988, -0.810127, 0.000000,
                                                 0.072927, 0.806921, 0.586139, 0.000000,
                                                 4.523717, 18.205370, 4.260215, 1.000000;;
                                                }

                                                Frame MapRoot_horse_RightHand {
                                                   FrameTransformMatrix {
                                                    0.998000, 0.009467, -0.062496, 0.000000,
                                                    -0.005288, 0.997760, 0.066693, 0.000000,
                                                    0.062987, -0.066229, 0.995814, 0.000000,
                                                    0.068377, 29.373144, -1.833768, 1.000000;;
                                                   }

                                                   Frame MapRoot_horse_RightHandIndex {
                                                      FrameTransformMatrix {
                                                       0.999565, -0.027750, 0.010035, 0.000000,
                                                       0.028548, 0.823276, -0.566923, 0.000000,
                                                       0.007471, 0.566962, 0.823709, 0.000000,
                                                       0.335993, 17.185953, -0.642812, 1.000000;;
                                                      }

                                                      Frame MapRoot_horse_End_RightHandIndex {
                                                         FrameTransformMatrix {
                                                          1.000000, 0.000000, 0.000000, 0.000000,
                                                          0.000000, 1.000000, 0.000000, 0.000000,
                                                          0.000000, 0.000000, 1.000000, 0.000000,
                                                          0.016337, 12.102244, -0.517811, 1.000000;;
                                                         }

                                                      }
                                                   }
                                                }
                                             }
                                          }
                                       }
                                    }
                                 }
                              }
                           }
                        }
                        Frame MapRoot_horse_Tail_1 {
                           FrameTransformMatrix {
                            -0.999942, 0.005944, 0.009035, 0.000000,
                            -0.010815, -0.548811, -0.835877, 0.000000,
                            -0.000010, -0.835926, 0.548843, 0.000000,
                            -0.000003, -16.584652, -1.495654, 1.000000;;
                           }

                           Frame MapRoot_horse_Tail_2 {
                              FrameTransformMatrix {
                               0.999680, 0.024182, 0.007468, 0.000000,
                               -0.021911, 0.974599, -0.222881, 0.000000,
                               -0.012668, 0.222646, 0.974817, 0.000000,
                               0.000002, 15.219413, -0.000008, 1.000000;;
                              }

                              Frame MapRoot_horse_Tail_3 {
                                 FrameTransformMatrix {
                                  0.998559, -0.018773, 0.050273, 0.000000,
                                  0.039599, 0.890016, -0.454207, 0.000000,
                                  -0.036217, 0.455543, 0.889477, 0.000000,
                                  -0.009770, 14.441029, -3.188506, 1.000000;;
                                 }

                                 Frame MapRoot_horse_Tail_4 {
                                    FrameTransformMatrix {
                                     0.999611, -0.006021, 0.027225, 0.000000,
                                     0.006063, 0.999981, -0.001444, 0.000000,
                                     -0.027216, 0.001608, 0.999628, 0.000000,
                                     -0.290384, 16.204008, -2.339846, 1.000000;;
                                    }

                                    Frame MapRoot_horse_End_Tail_4 {
                                       FrameTransformMatrix {
                                        1.000000, 0.000000, 0.000000, 0.000000,
                                        0.000000, 1.000000, 0.000000, 0.000000,
                                        0.000000, 0.000000, 1.000000, 0.000000,
                                        -0.163372, 19.493879, -6.936997, 1.000000;;
                                       }

                                    }
                                 }
                              }
                           }
                        }
                        Frame MapRoot_horse_RightUpLeg {
                           FrameTransformMatrix {
                            -0.999334, -0.029438, -0.021568, 0.000000,
                            0.036444, -0.774144, -0.631959, 0.000000,
                            0.001907, -0.632324, 0.774701, 0.000000,
                            -9.246532, 5.038816, -0.003195, 1.000000;;
                           }

                           Frame MapRoot_horse_RightUpLeg1 {
                              FrameTransformMatrix {
                               0.961848, 0.165222, 0.218060, 0.000000,
                               0.158398, 0.313558, -0.936265, 0.000000,
                               -0.223066, 0.935084, 0.275424, 0.000000,
                               -0.131712, 17.008690, -1.606449, 1.000000;;
                              }

                              Frame MapRoot_horse_RightLeg {
                                 FrameTransformMatrix {
                                  0.985617, 0.018993, -0.167925, 0.000000,
                                  0.057139, 0.897690, 0.436908, 0.000000,
                                  0.159043, -0.440219, 0.883693, 0.000000,
                                  5.289910, 17.396549, 0.706831, 1.000000;;
                                 }

                                 Frame MapRoot_horse_RightFoot {
                                    FrameTransformMatrix {
                                     0.924215, -0.125853, -0.360538, 0.000000,
                                     -0.069963, 0.872346, -0.483857, 0.000000,
                                     0.375409, 0.472412, 0.797430, 0.000000,
                                     1.116621, 25.866224, 5.915873, 1.000000;;
                                    }

                                    Frame MapRoot_horse_RightToeBase {
                                       FrameTransformMatrix {
                                        0.999948, -0.004324, 0.009227, 0.000000,
                                        0.003232, 0.993339, 0.115184, 0.000000,
                                        -0.009663, -0.115149, 0.993301, 0.000000,
                                        0.000011, 22.525648, -0.000011, 1.000000;;
                                       }

                                    }
                                 }
                              }
                           }
                        }
                        Frame MapRoot_horse_LeftUpLeg {
                           FrameTransformMatrix {
                            -0.998460, 0.041236, 0.037106, 0.000000,
                            -0.055427, -0.768956, -0.636894, 0.000000,
                            0.002270, -0.637970, 0.770058, 0.000000,
                            9.246650, 5.038737, -0.003290, 1.000000;;
                           }

                           Frame MapRoot_horse_LeftUpLeg1 {
                              FrameTransformMatrix {
                               0.990785, 0.047528, 0.126834, 0.000000,
                               0.087171, 0.492955, -0.865677, 0.000000,
                               -0.103667, 0.868756, 0.484269, 0.000000,
                               -0.025904, 16.845493, -1.473199, 1.000000;;
                              }

                              Frame MapRoot_horse_LeftLeg {
                                 FrameTransformMatrix {
                                  0.954005, 0.118399, -0.275422, 0.000000,
                                  -0.058610, 0.974640, 0.215968, 0.000000,
                                  0.294007, -0.189892, 0.936750, 0.000000,
                                  -5.185077, 15.637271, 6.038614, 1.000000;;
                                 }

                                 Frame MapRoot_horse_LeftFoot {
                                    FrameTransformMatrix {
                                     0.947014, 0.008032, 0.321091, 0.000000,
                                     0.121899, 0.915906, -0.382436, 0.000000,
                                     -0.297161, 0.401313, 0.866397, 0.000000,
                                     -0.820005, 25.917168, 3.506772, 1.000000;;
                                    }

                                    Frame MapRoot_horse_LeftToeBase {
                                       FrameTransformMatrix {
                                        0.999073, -0.029594, 0.031265, 0.000000,
                                        0.033373, 0.991185, -0.128211, 0.000000,
                                        -0.027195, 0.129136, 0.991254, 0.000000,
                                        0.000000, 21.661697, -0.000013, 1.000000;;
                                       }

                                       Frame MapRoot_horse_End_LeftToeBase {
                                          FrameTransformMatrix {
                                           1.000000, 0.000000, 0.000000, 0.000000,
                                           0.000000, 1.000000, 0.000000, 0.000000,
                                           0.000000, 0.000000, 1.000000, 0.000000,
                                           -0.000002, 16.851141, 0.000030, 1.000000;;
                                          }

                                       }
                                    }
                                 }
                              }
                           }
                        }
                     }
                     Frame MapRoot_Bone {
                        FrameTransformMatrix {
                         0.998635, 0.000059, 0.052231, 0.000000,
                         0.000059, 0.999997, -0.002258, 0.000000,
                         -0.052231, 0.002258, 0.998632, 0.000000,
                         -5.504501, -3.109649, 27.060984, 1.000000;;
                        }

                        Frame MapRoot_Bone1 {
                           FrameTransformMatrix {
                            1.000000, 0.000000, 0.000000, 0.000000,
                            0.000000, 1.000000, 0.000000, 0.000000,
                            0.000000, 0.000000, 1.000000, 0.000000,
                            4.364531, 36.639832, 55.689793, 1.000000;;
                           }

                           Frame MapRoot_Bone2 {
                              FrameTransformMatrix {
                               1.000000, 0.000000, 0.000000, 0.000000,
                               0.000000, 1.000000, 0.000000, 0.000000,
                               0.000000, 0.000000, 1.000000, 0.000000,
                               -1.645395, -7.366775, 38.034237, 1.000000;;
                              }

                              Frame MapRoot_Bone3 {
                                 FrameTransformMatrix {
                                  0.998269, 0.001749, -0.058788, 0.000000,
                                  0.058811, -0.019810, 0.998072, 0.000000,
                                  0.000581, -0.999802, -0.019879, 0.000000,
                                  -40.464733, 0.307605, 0.128533, 1.000000;;
                                 }

                                 Frame MapRoot_mesh0 {
                                    FrameTransformMatrix {
                                     1.000000, 0.000000, 0.000000, 0.000000,
                                     0.000000, 1.000000, 0.000000, 0.000000,
                                     0.000000, 0.000000, 1.000000, 0.000000,
                                     0.000240, -0.020502, -0.001736, 1.000000;;
                                    }

                                 }
                              }
                              Frame MapRoot_Bone4 {
                                 FrameTransformMatrix {
                                  1.000000, 0.000000, 0.000000, 0.000000,
                                  0.000000, 1.000000, 0.000000, 0.000000,
                                  0.000000, 0.000000, 1.000000, 0.000000,
                                  2.898572, 5.583395, 96.918358, 1.000000;;
                                 }

                                 Frame MapRoot_Bone5 {
                                    FrameTransformMatrix {
                                     1.000000, 0.000000, 0.000000, 0.000000,
                                     0.000000, -0.257246, 0.966346, 0.000000,
                                     0.000000, -0.966346, -0.257246, 0.000000,
                                     47.979382, -0.255573, -0.778295, 1.000000;;
                                    }

                                    Frame MapRoot_mesh1 {
                                       FrameTransformMatrix {
                                        1.000000, 0.000000, 0.000000, 0.000000,
                                        0.000000, 1.000000, 0.000000, 0.000000,
                                        0.000000, 0.000000, 1.000000, 0.000000,
                                        0.000027, -0.000025, 0.000003, 1.000000;;
                                       }

                                    }
                                 }
                              }
                              Frame Bone {
                                 FrameTransformMatrix {
                                  1.000000, 0.000000, 0.000000, 0.000000,
                                  0.000000, 1.000000, 0.000000, 0.000000,
                                  0.000000, 0.000000, 1.000000, 0.000000,
                                  49.170025, -0.199958, 0.284631, 1.000000;;
                                 }

                              }
                           }
                        }
                     }
                  }
               }
            }
         }
      }
   }
   Frame Body {
      FrameTransformMatrix {
       1.000000, 0.000000, 0.000000, 0.000000,
       0.000000, 1.000000, 0.000000, 0.000000,
       0.000000, 0.000000, 1.000000, 0.000000,
       0.000000, 0.000000, 0.000000, 1.000000;;
      }

   }

   Frame Body0 {
      FrameTransformMatrix {
       1.000000, 0.000000, 0.000000, 0.000000,
       0.000000, 1.000000, 0.000000, 0.000000,
       0.000000, 0.000000, 1.000000, 0.000000,
       0.000000, 0.000000, 0.000000, 1.000000;;
      }

      Mesh skinnedMesh {
       6288;
       28.110973; 75.337418; -60.594093;,
       28.122351; 71.810852; -60.597832;,
       29.652697; 72.181061; -59.477058;,
       29.759108; 76.165428; -59.567406;,
       2.484732; 88.630806; -177.922607;,
       3.476247; 76.363770; -183.016876;,
       4.569076; 86.581566; -178.291138;,
       7.522298; 74.611351; -181.245148;,
       2.159854; 93.014984; -175.401611;,
       2.405701; 89.875580; -176.894135;,
       3.818460; 92.863266; -174.824371;,
       4.069320; 89.942322; -176.753479;,
       27.489363; 66.099106; -76.903191;,
       28.144773; 61.757858; -77.143517;,
       28.741772; 69.594994; -68.698708;,
       26.881971; 63.304581; -68.720291;,
       27.455833; 66.878983; -60.550438;,
       24.883724; 79.821823; -75.953255;,
       27.882353; 73.499512; -76.488159;,
       25.003666; 81.266266; -67.579628;,
       27.796762; 76.768715; -68.305321;,
       25.505106; 82.103897; -60.205910;,
       27.226921; 79.202202; -60.441483;,
       20.869396; 84.202110; -75.673660;,
       20.589031; 86.647957; -67.387344;,
       20.264942; 88.420700; -59.803810;,
       14.387714; 91.054291; -72.736298;,
       13.877001; 93.355240; -67.191650;,
       13.179027; 95.058273; -59.605324;,
       27.619560; 69.490044; -76.737793;,
       27.693148; 72.788849; -68.504166;,
       17.531151; 88.859558; -49.287201;,
       17.924644; 88.990105; -53.168861;,
       22.348812; 82.272369; -49.875038;,
       23.687273; 82.602768; -53.858032;,
       2.734471; 98.271263; -49.831215;,
       3.192539; 96.715942; -53.656380;,
       10.855784; 98.424896; -49.252419;,
       11.451052; 96.402405; -53.141830;,
       3.800107; 67.542725; -21.876541;,
       4.005955; 69.584007; -19.833862;,
       7.634486; 67.401543; -20.833790;,
       7.273849; 69.525558; -18.755463;,
       6.843132; 72.552223; -17.451187;,
       1.189035; 71.631790; -19.885754;,
       5.762747; 79.865677; -17.332645;,
       6.119712; 76.623863; -18.101768;,
       0.709828; 78.882957; -18.415401;,
       1.182831; 75.705757; -18.969105;,
       14.853975; 43.482410; -68.252083;,
       14.046132; 47.356529; -59.314369;,
       18.191587; 45.392391; -68.382637;,
       17.569780; 49.148689; -59.152321;,
       24.008322; 48.718876; -68.649300;,
       23.708565; 52.216694; -59.106728;,
       17.668734; 46.182461; -76.560524;,
       23.376749; 49.434402; -76.903709;,
       14.322907; 44.266697; -76.390404;,
       15.031247; 63.413025; -43.039143;,
       16.490566; 53.986252; -53.127869;,
       9.619265; 53.921631; -50.080589;,
       10.802423; 52.064598; -53.989510;,
       12.313134; 55.232155; -24.382763;,
       14.348983; 55.785004; -22.897522;,
       17.886665; 56.072063; -20.734055;,
       8.085623; 65.420151; -27.283875;,
       3.170351; 65.718262; -28.708771;,
       25.210947; 74.327187; -39.996376;,
       26.327711; 69.745918; -39.429947;,
       25.603380; 74.670258; -35.271599;,
       26.007109; 70.037941; -34.564671;,
       23.863777; 79.332962; -40.585602;,
       24.365217; 79.616402; -36.217133;,
       22.975115; 83.571068; -40.883572;,
       23.201948; 83.693779; -36.267479;,
       18.698620; 89.032196; -41.020424;,
       18.289623; 89.123749; -36.865463;,
       25.897129; 4.006187; -33.890144;,
       26.461397; 3.879452; -35.858246;,
       19.020443; 3.901539; -33.665913;,
       18.703157; 3.807838; -35.619423;,
       25.164486; 4.068497; -32.290215;,
       19.903872; 3.964428; -32.611996;,
       24.875248; 74.906387; -31.414131;,
       25.451935; 70.300667; -30.663986;,
       23.634848; 75.139694; -25.163414;,
       24.178051; 70.621422; -23.873009;,
       23.448647; 79.792496; -32.050671;,
       22.329254; 79.939842; -25.791756;,
       21.968933; 83.783913; -32.394173;,
       20.778238; 82.791321; -26.064159;,
       17.821854; 89.248772; -32.605232;,
       17.146141; 89.176521; -25.564407;,
       0.439015; 95.045029; -25.812050;,
       1.378681; 98.728355; -40.119751;,
       9.305291; 94.789581; -25.387192;,
       10.959080; 98.222046; -36.624763;,
       10.905160; 95.780060; -32.459812;,
       5.935185; 62.748672; -38.684856;,
       11.581366; 64.030937; -37.276581;,
       11.702025; 63.706696; -37.078136;,
       9.483141; 64.899467; -33.779179;,
       11.581366; 64.030937; -37.276581;,
       4.253465; 64.640327; -35.274883;,
       5.935185; 62.748672; -38.684856;,
       8.085623; 65.420151; -27.283875;,
       3.170351; 65.718262; -28.708771;,
       14.114731; 66.853699; -17.928532;,
       13.245472; 69.764648; -17.170231;,
       20.164442; 69.782265; -16.899666;,
       19.548927; 74.322472; -16.985504;,
       12.156275; 73.486221; -16.337917;,
       11.138899; 77.638809; -16.699059;,
       16.923506; 78.823494; -17.929379;,
       15.839590; 81.662621; -18.187782;,
       10.412081; 80.634468; -16.840733;,
       12.051831; 86.457603; -17.734016;,
       9.299731; 86.506577; -17.220329;,
       25.097933; 65.171867; -29.811905;,
       25.544573; 64.847313; -33.662498;,
       24.888262; 57.257935; -26.396423;,
       25.326111; 57.152328; -29.893162;,
       23.679182; 65.240952; -22.476192;,
       23.562170; 57.193520; -23.401749;,
       15.529371; 62.823277; -19.613934;,
       20.657265; 64.375381; -18.767021;,
       20.112082; 56.884392; -20.414886;,
       10.947098; 61.822472; -22.390923;,
       9.668301; 61.485523; -25.739990;,
       10.362040; 61.933773; -33.192383;,
       9.668301; 61.485523; -25.739990;,
       11.747005; 55.224167; -29.407967;,
       12.313134; 55.232155; -24.382763;,
       12.204700; 61.962376; -36.726578;,
       13.117408; 55.266842; -32.892956;,
       13.284393; 61.653324; -35.964916;,
       12.204700; 61.962376; -36.726578;,
       13.284393; 61.653324; -35.964916;,
       15.031497; 55.662354; -35.254658;,
       16.349829; 61.743107; -40.503689;,
       16.841009; 56.012608; -37.674324;,
       18.714790; 61.891762; -40.740410;,
       20.087486; 56.440544; -37.336639;,
       23.678289; 64.151604; -41.487431;,
       23.704466; 57.020660; -37.234722;,
       1.737795; 98.574364; -43.249516;,
       10.144707; 100.123871; -40.629143;,
       2.439819; 98.782303; -46.389317;,
       10.395454; 99.224197; -45.240589;,
       17.948986; 88.875931; -45.789131;,
       22.729744; 82.299759; -45.868908;,
       24.084970; 79.171349; -45.769131;,
       26.093594; 74.213196; -45.188107;,
       26.488398; 69.539711; -44.618401;,
       14.211414; 91.512276; -49.287544;,
       14.580156; 91.596901; -53.154579;,
       15.569795; 92.179253; -40.973118;,
       15.219307; 92.255798; -36.820194;,
