xof 0303txt 0032

// DirectX 9.0 file
// Creator: Ultimate Unwrap3D Pro v3.13
// Time: Sun Feb 15 21:28:47 2009

// Start of Templates

template VertexDuplicationIndices {
 <b8d65549-d7c9-4995-89cf-53a9a8b031e3>
 DWORD nIndices;
 DWORD nOriginalVertices;
 array DWORD indices[nIndices];
}

template FVFData {
 <b6e70a0e-8ef9-4e83-94ad-ecc8b0c04897>
 DWORD dwFVF;
 DWORD nDWords;
 array DWORD data[nDWords];
}

template Header {
 <3D82AB43-62DA-11cf-AB39-0020AF71E433>
 WORD major;
 WORD minor;
 DWORD flags;
}

template Vector {
 <3D82AB5E-62DA-11cf-AB39-0020AF71E433>
 FLOAT x;
 FLOAT y;
 FLOAT z;
}

template Coords2d {
 <F6F23F44-7686-11cf-8F52-0040333594A3>
 FLOAT u;
 FLOAT v;
}

template Matrix4x4 {
 <F6F23F45-7686-11cf-8F52-0040333594A3>
 array FLOAT matrix[16];
}

template ColorRGBA {
 <35FF44E0-6C7C-11cf-8F52-0040333594A3>
 FLOAT red;
 FLOAT green;
 FLOAT blue;
 FLOAT alpha;
}

template ColorRGB {
 <D3E16E81-7835-11cf-8F52-0040333594A3>
 FLOAT red;
 FLOAT green;
 FLOAT blue;
}

template IndexedColor {
 <1630B820-7842-11cf-8F52-0040333594A3>
 DWORD index;
 ColorRGBA indexColor;
}

template Material {
 <3D82AB4D-62DA-11cf-AB39-0020AF71E433>
 ColorRGBA faceColor;
 FLOAT power;
 ColorRGB specularColor;
 ColorRGB emissiveColor;
 [...]
}

template TextureFilename {
 <A42790E1-7810-11cf-8F52-0040333594A3>
 STRING filename;
}

template MeshFace {
 <3D82AB5F-62DA-11cf-AB39-0020AF71E433>
 DWORD nFaceVertexIndices;
 array DWORD faceVertexIndices[nFaceVertexIndices];
}

template MeshTextureCoords {
 <F6F23F40-7686-11cf-8F52-0040333594A3>
 DWORD nTextureCoords;
 array Coords2d textureCoords[nTextureCoords];
}

template MeshMaterialList {
 <F6F23F42-7686-11cf-8F52-0040333594A3>
 DWORD nMaterials;
 DWORD nFaceIndexes;
 array DWORD faceIndexes[nFaceIndexes];
 [Material]
}

template MeshNormals {
 <F6F23F43-7686-11cf-8F52-0040333594A3>
 DWORD nNormals;
 array Vector normals[nNormals];
 DWORD nFaceNormals;
 array MeshFace faceNormals[nFaceNormals];
}

template MeshVertexColors {
 <1630B821-7842-11cf-8F52-0040333594A3>
 DWORD nVertexColors;
 array IndexedColor vertexColors[nVertexColors];
}

template Mesh {
 <3D82AB44-62DA-11cf-AB39-0020AF71E433>
 DWORD nVertices;
 array Vector vertices[nVertices];
 DWORD nFaces;
 array MeshFace faces[nFaces];
 [...]
}

template FrameTransformMatrix {
 <F6F23F41-7686-11cf-8F52-0040333594A3>
 Matrix4x4 frameMatrix;
}

template Frame {
 <3D82AB46-62DA-11cf-AB39-0020AF71E433>
 [...]
}

template FloatKeys {
 <10DD46A9-775B-11cf-8F52-0040333594A3>
 DWORD nValues;
 array FLOAT values[nValues];
}

template TimedFloatKeys {
 <F406B180-7B3B-11cf-8F52-0040333594A3>
 DWORD time;
 FloatKeys tfkeys;
}

template AnimationKey {
 <10DD46A8-775B-11cf-8F52-0040333594A3>
 DWORD keyType;
 DWORD nKeys;
 array TimedFloatKeys keys[nKeys];
}

template AnimationOptions {
 <E2BF56C0-840F-11cf-8F52-0040333594A3>
 DWORD openclosed;
 DWORD positionquality;
}

template Animation {
 <3D82AB4F-62DA-11cf-AB39-0020AF71E433>
 [...]
}

template AnimationSet {
 <3D82AB50-62DA-11cf-AB39-0020AF71E433>
 [Animation]
}

template XSkinMeshHeader {
 <3CF169CE-FF7C-44ab-93C0-F78F62D172E2>
 WORD nMaxSkinWeightsPerVertex;
 WORD nMaxSkinWeightsPerFace;
 WORD nBones;
}

template SkinWeights {
 <6F0D123B-BAD2-4167-A0D0-80224F25FABB>
 STRING transformNodeName;
 DWORD nWeights;
 array DWORD vertexIndices[nWeights];
 array FLOAT weights[nWeights];
 Matrix4x4 matrixOffset;
}

template AnimTicksPerSecond {
 <9E415A43-7BA6-4a73-8743-B73D47E88476>
 DWORD AnimTicksPerSecond;
}

AnimTicksPerSecond {
 30;
}

// Start of Frames

   Frame U3DRoot {
      FrameTransformMatrix {
       1.000000, 0.000000, 0.000000, 0.000000,
       0.000000, 1.000000, 0.000000, 0.000000,
       0.000000, 0.000000, 1.000000, 0.000000,
       0.000000, 0.000000, 0.000000, 1.000000;;
      }

      Frame U3DMesh {
         FrameTransformMatrix {
          1.000000, 0.000000, 0.000000, 0.000000,
          0.000000, 1.000000, 0.000000, 0.000000,
          0.000000, 0.000000, 1.000000, 0.000000,
          0.000000, 0.000000, 0.000000, 1.000000;;
         }

      }
      Frame Scene_Root {
         FrameTransformMatrix {
          -1.000000, 0.000000, 0.000000, 0.000000,
          0.000000, 1.000000, 0.000000, 0.000000,
          0.000000, 0.000000, -1.000000, 0.000000,
          -0.049637, 0.019966, 0.939752, 1.000000;;
         }

         Frame Biped_Skeleton {
            FrameTransformMatrix {
             1.000000, 0.000000, -0.000000, 0.000000,
             -0.000000, 1.000000, 0.000000, 0.000000,
             0.000000, 0.000000, 1.000000, 0.000000,
             0.000000, 0.000000, 0.000000, 1.000000;;
            }

            Frame Biped_Skeleton_GlobalSRT {
               FrameTransformMatrix {
                1.000000, 0.000000, -0.000000, 0.000000,
                -0.000000, 1.000000, 0.000000, 0.000000,
                0.000000, 0.000000, 1.000000, 0.000000,
                0.000000, 0.000000, 0.000000, 1.000000;;
               }

               Frame Biped_Skeleton_UpperBody {
                  FrameTransformMatrix {
                   1.000000, 0.000000, -0.000000, 0.000000,
                   -0.000000, 1.000000, 0.000000, 0.000000,
                   0.000000, 0.000000, 1.000000, 0.000000,
                   0.000000, 40.089367, -1.791056, 1.000000;;
                  }

                  Frame Biped_Skeleton_SpineRoot {
                     FrameTransformMatrix {
                      -0.000000, -0.000000, -1.000000, 0.000000,
                      0.000000, 1.000000, -0.000000, 0.000000,
                      1.000000, -0.000000, -0.000000, 0.000000,
                      0.000000, 1.615677, -0.433646, 1.000000;;
                     }

                     Frame Biped_Skeleton_Spine1 {
                        FrameTransformMatrix {
                         0.112770, 0.993621, -0.000000, 0.000000,
                         -0.993621, 0.112770, 0.000000, 0.000000,
                         0.000000, 0.000000, 1.000000, 0.000000,
                         0.000000, 0.000000, 0.000000, 1.000000;;
                        }

                        Frame Biped_Skeleton_Spine2 {
                           FrameTransformMatrix {
                            0.996549, 0.083002, -0.000000, 0.000000,
                            -0.083002, 0.996549, 0.000000, 0.000000,
                            0.000000, -0.000000, 1.000000, 0.000000,
                            2.653584, 0.000000, 0.000000, 1.000000;;
                           }

                           Frame Biped_Skeleton_Spine3 {
                              FrameTransformMatrix {
                               0.994444, 0.105266, 0.000000, 0.000000,
                               -0.105266, 0.994444, 0.000000, 0.000000,
                               -0.000000, -0.000000, 1.000000, 0.000000,
                               2.651684, 0.000001, -0.000000, 1.000000;;
                              }

                              Frame Biped_Skeleton_Chest {
                                 FrameTransformMatrix {
                                  0.997489, 0.070820, -0.000000, 0.000000,
                                  -0.070820, 0.997489, 0.000000, 0.000000,
                                  0.000000, 0.000000, 1.000000, 0.000000,
                                  2.653343, -0.000000, -0.000000, 1.000000;;
                                 }

                                 Frame Biped_Skeleton_ChestEffector {
                                    FrameTransformMatrix {
                                     1.000000, 0.000000, 0.000000, 0.000000,
                                     -0.000000, 1.000000, -0.000000, 0.000000,
                                     -0.000000, 0.000000, 1.000000, 0.000000,
                                     7.969337, -0.000001, 0.000000, 1.000000;;
                                    }

                                    Frame Biped_Skeleton_RShoulderRoot {
                                       FrameTransformMatrix {
                                        0.145979, 0.989288, 0.000000, 0.000000,
                                        0.000000, 0.000000, -0.999999, 0.000000,
                                        -0.989289, 0.145979, -0.000000, 0.000000,
                                        -0.212284, -0.481274, -1.855880, 1.000000;;
                                       }

                                       Frame Biped_Skeleton_RShoulder {
                                          FrameTransformMatrix {
                                           0.156516, 0.987526, -0.017186, 0.000000,
                                           0.987672, -0.156539, 0.000011, 0.000000,
                                           -0.002679, -0.016976, -0.999853, 0.000000,
                                           0.000000, -0.000000, 0.000008, 1.000000;;
                                          }

                                          Frame Biped_Skeleton_eff {
                                             FrameTransformMatrix {
                                              1.000000, -0.000000, -0.000000, 0.000000,
                                              0.000000, 1.000000, 0.000000, 0.000000,
                                              0.000000, -0.000000, 1.000000, 0.000000,
                                              2.939524, -0.000000, 0.000000, 1.000000;;
                                             }

                                             Frame Biped_Skeleton_RRoot {
                                                FrameTransformMatrix {
                                                 0.156516, 0.987673, -0.002679, 0.000000,
                                                 0.987526, -0.156539, -0.016976, 0.000000,
                                                 -0.017186, 0.000011, -0.999854, 0.000000,
                                                 0.000001, 0.000000, 0.000004, 1.000000;;
                                                }

                                                Frame Biped_Skeleton_RBicep {
                                                   FrameTransformMatrix {
                                                    -0.022626, 0.184822, 0.982510, 0.000000,
                                                    0.999743, 0.003284, 0.022405, 0.000000,
                                                    0.000914, 0.982769, -0.184850, 0.000000,
                                                    0.000000, 0.000000, 0.000004, 1.000000;;
                                                   }

                                                   Frame Biped_Skeleton_RForearm {
                                                      FrameTransformMatrix {
                                                       0.938722, 0.343502, 0.028436, 0.000000,
                                                       -0.343503, 0.939138, -0.004976, 0.000000,
                                                       -0.028415, -0.005097, 0.999583, 0.000000,
                                                       10.149010, 0.000001, -0.000002, 1.000000;;
                                                      }

                                                      Frame Biped_Skeleton_eff4 {
                                                         FrameTransformMatrix {
                                                          1.000000, 0.000000, 0.000000, 0.000000,
                                                          -0.000000, 1.000000, -0.000000, 0.000000,
                                                          -0.000000, 0.000000, 1.000000, 0.000000,
                                                          10.199986, 0.000001, 0.000004, 1.000000;;
                                                         }

                                                         Frame Biped_Skeleton_RHandRoot {
                                                            FrameTransformMatrix {
                                                             -0.998374, 0.054095, -0.017966, 0.000000,
                                                             0.017929, -0.001176, -0.999836, 0.000000,
                                                             -0.054107, -0.998538, 0.000204, 0.000000,
                                                             0.000000, -0.000001, -0.000002, 1.000000;;
                                                            }

                                                            Frame Biped_Skeleton_RHand {
                                                               FrameTransformMatrix {
                                                                -0.996054, 0.057133, 0.067923, 0.000000,
                                                                0.057262, 0.998359, -0.000054, 0.000000,
                                                                -0.067814, 0.003836, -0.997691, 0.000000,
                                                                0.000011, -0.000002, 0.000000, 1.000000;;
                                                               }

                                                            }
                                                         }
                                                      }
                                                   }
                                                }
                                             }
                                          }
                                       }
                                    }
                                    Frame Biped_Skeleton_LShoulderRoot {
                                       FrameTransformMatrix {
                                        0.000000, 0.000000, 0.999999, 0.000000,
                                        -0.145924, -0.989296, 0.000000, 0.000000,
                                        0.989297, -0.145924, 0.000000, 0.000000,
                                        -0.212284, -0.481273, 1.855880, 1.000000;;
                                       }

                                       Frame Biped_Skeleton_LShoulder {
                                          FrameTransformMatrix {
                                           0.987530, -0.156489, 0.017204, 0.000000,
                                           0.156512, 0.987676, 0.000008, 0.000000,
                                           -0.016993, 0.002685, 0.999852, 0.000000,
                                           0.000000, -0.000000, 0.000000, 1.000000;;
                                          }

                                          Frame Biped_Skeleton_eff1 {
                                             FrameTransformMatrix {
                                              1.000000, 0.000000, -0.000000, 0.000000,
                                              -0.000000, 1.000000, -0.000000, 0.000000,
                                              0.000000, 0.000000, 1.000000, 0.000000,
                                              2.939527, 0.000000, -0.000019, 1.000000;;
                                             }

                                             Frame Biped_Skeleton_LRoot {
                                                FrameTransformMatrix {
                                                 0.987531, 0.156512, -0.016993, 0.000000,
                                                 -0.156489, 0.987677, 0.002685, 0.000000,
                                                 0.017204, 0.000008, 0.999852, 0.000000,
                                                 0.000001, 0.000001, -0.000027, 1.000000;;
                                                }

                                                Frame Biped_Skeleton_LBicep {
                                                   FrameTransformMatrix {
                                                    0.174782, 0.091817, -0.980318, 0.000000,
                                                    -0.015789, 0.995776, 0.090450, 0.000000,
                                                    0.984481, -0.000330, 0.175493, 0.000000,
                                                    -0.000000, -0.000001, -0.000008, 1.000000;;
                                                   }

                                                   Frame Biped_Skeleton_LForearm {
                                                      FrameTransformMatrix {
                                                       0.901930, -0.430408, 0.035668, 0.000000,
                                                       0.430410, 0.902598, 0.008009, 0.000000,
                                                       -0.035641, 0.008128, 0.999332, 0.000000,
                                                       10.149040, -0.000001, -0.000003, 1.000000;;
                                                      }

                                                      Frame Biped_Skeleton_eff5 {
                                                         FrameTransformMatrix {
                                                          1.000000, 0.000000, 0.000000, 0.000000,
                                                          -0.000000, 1.000000, 0.000000, 0.000000,
                                                          -0.000000, -0.000000, 1.000000, 0.000000,
                                                          10.199986, -0.000001, 0.000004, 1.000000;;
                                                         }

                                                         Frame Biped_Skeleton_LHandRoot {
                                                            FrameTransformMatrix {
                                                             0.998374, 0.054095, 0.017966, 0.000000,
                                                             -0.017929, -0.001176, 0.999838, 0.000000,
                                                             0.054107, -0.998536, -0.000204, 0.000000,
                                                             -0.000004, -0.000003, -0.000006, 1.000000;;
                                                            }

                                                            Frame Biped_Skeleton_LHand {
                                                               FrameTransformMatrix {
                                                                0.996053, -0.057133, -0.067923, 0.000000,
                                                                0.057262, 0.998359, -0.000054, 0.000000,
                                                                0.067815, -0.003836, 0.997691, 0.000000,
                                                                0.000004, 0.000004, 0.000000, 1.000000;;
                                                               }

                                                            }
                                                         }
                                                      }
                                                   }
                                                }
                                             }
                                          }
                                       }
                                    }
                                    Frame Biped_Skeleton_SpineRoot1 {
                                       FrameTransformMatrix {
                                        -0.145963, -0.989290, 0.000000, 0.000000,
                                        0.989290, -0.145963, 0.000000, 0.000000,
                                        -0.000000, 0.000000, 1.000000, 0.000000,
                                        0.000008, 0.000003, -0.000000, 1.000000;;
                                       }

                                       Frame Biped_Skeleton_Spine4 {
                                          FrameTransformMatrix {
                                           0.049792, 0.998760, 0.000000, 0.000000,
                                           -0.998760, 0.049792, -0.000000, 0.000000,
                                           -0.000000, -0.000000, 1.000000, 0.000000,
                                           0.000000, -0.000004, 0.000000, 1.000000;;
                                          }

                                          Frame Biped_Skeleton_Spine5 {
                                             FrameTransformMatrix {
                                              0.999932, 0.011658, 0.000000, 0.000000,
                                              -0.011658, 0.999932, 0.000000, 0.000000,
                                              -0.000000, -0.000000, 1.000000, 0.000000,
                                              1.861774, -0.000000, 0.000000, 1.000000;;
                                             }

                                             Frame Biped_Skeleton_Spine6 {
                                                FrameTransformMatrix {
                                                 0.999930, 0.011841, 0.000000, 0.000000,
                                                 -0.011841, 0.999930, -0.000000, 0.000000,
                                                 -0.000000, -0.000000, 1.000000, 0.000000,
                                                 1.861763, -0.000000, 0.000000, 1.000000;;
                                                }

                                                Frame Biped_Skeleton_Chest1 {
                                                   FrameTransformMatrix {
                                                    0.999966, 0.008240, 0.000000, 0.000000,
                                                    -0.008240, 0.999966, -0.000000, 0.000000,
                                                    -0.000000, 0.000000, 1.000000, 0.000000,
                                                    1.861767, 0.000000, -0.000000, 1.000000;;
                                                   }

                                                }
                                             }
                                          }
                                       }
                                    }
                                 }
                              }
                           }
                        }
                     }
                  }
                  Frame Biped_Skeleton_LRoot1 {
                     FrameTransformMatrix {
                      1.000000, 0.000000, -0.000000, 0.000000,
                      -0.000000, 1.000000, 0.000000, 0.000000,
                      0.000000, 0.000000, 1.000000, 0.000000,
                      3.385492, -2.423512, 0.650471, 1.000000;;
                     }

                     Frame Biped_Skeleton_LThigh {
                        FrameTransformMatrix {
                         -0.018011, -0.998561, 0.050519, 0.000000,
                         -0.000028, -0.050527, -0.998723, 0.000000,
                         0.999838, -0.017989, 0.000882, 0.000000,
                         0.000000, 0.000000, 0.000000, 1.000000;;
                        }

                        Frame Biped_Skeleton_LShin {
                           FrameTransformMatrix {
                            0.994371, 0.105464, -0.010149, 0.000000,
                            -0.010108, -0.000924, -0.999949, 0.000000,
                            -0.105468, 0.994423, 0.000147, 0.000000,
                            18.444265, 0.000000, 0.000001, 1.000000;;
                           }

                           Frame Biped_Skeleton_eff6 {
                              FrameTransformMatrix {
                               1.000000, -0.000000, 0.000000, 0.000000,
                               0.000000, 1.000000, -0.000000, 0.000000,
                               -0.000000, 0.000000, 1.000000, 0.000000,
                               15.378414, 0.000000, 0.000001, 1.000000;;
                              }

                              Frame Biped_Skeleton_LFootRoot {
                                 FrameTransformMatrix {
                                  0.055145, 0.094722, -0.993975, 0.000000,
                                  -0.998086, -0.022721, -0.057538, 0.000000,
                                  -0.028034, 0.995243, 0.093288, 0.000000,
                                  0.000001, -0.000001, -0.000000, 1.000000;;
                                 }

                                 Frame Biped_Skeleton_LFootBone1 {
                                    FrameTransformMatrix {
                                     0.873622, -0.473900, -0.110461, 0.000000,
                                     0.476814, 0.879005, -0.000051, 0.000000,
                                     0.097120, -0.052625, 0.993880, 0.000000,
                                     0.000000, 0.000000, -0.000000, 1.000000;;
                                    }

                                    Frame Biped_Skeleton_LFootBone2 {
                                       FrameTransformMatrix {
                                        0.989091, 0.147308, -0.000304, 0.000000,
                                        -0.147308, 0.989091, 0.000023, 0.000000,
                                        0.000304, 0.000022, 1.000000, 0.000000,
                                        3.153153, 0.000000, 0.000000, 1.000000;;
                                       }

                                       Frame Biped_Skeleton_LFootBone3 {
                                          FrameTransformMatrix {
                                           0.946735, 0.321009, 0.025420, 0.000000,
                                           0.321057, -0.947057, 0.002274, 0.000000,
                                           0.024804, 0.006008, -0.999675, 0.000000,
                                           3.236556, 0.000000, 0.000001, 1.000000;;
                                          }

                                       }
                                    }
                                 }
                              }
                           }
                        }
                     }
                  }
                  Frame Biped_Skeleton_RRoot1 {
                     FrameTransformMatrix {
                      1.000000, 0.000000, -0.000000, 0.000000,
                      -0.000000, 1.000000, 0.000000, 0.000000,
                      0.000000, 0.000000, 1.000000, 0.000000,
                      -3.385492, -2.423512, 0.650471, 1.000000;;
                     }

                     Frame Biped_Skeleton_RThigh {
                        FrameTransformMatrix {
                         0.018011, -0.998561, 0.050519, 0.000000,
                         0.000028, -0.050527, -0.998723, 0.000000,
                         0.999838, 0.017989, -0.000882, 0.000000,
                         0.000000, 0.000000, 0.000000, 1.000000;;
                        }

                        Frame Biped_Skeleton_RShin {
                           FrameTransformMatrix {
                            0.994371, 0.105464, 0.010149, 0.000000,
                            -0.010108, -0.000924, 0.999949, 0.000000,
                            0.105468, -0.994423, 0.000147, 0.000000,
                            18.444265, -0.000000, -0.000000, 1.000000;;
                           }

                           Frame Biped_Skeleton_eff7 {
                              FrameTransformMatrix {
                               1.000000, 0.000000, -0.000000, 0.000000,
                               -0.000000, 1.000000, 0.000000, 0.000000,
                               0.000000, -0.000000, 1.000000, 0.000000,
                               15.378414, 0.000000, -0.000001, 1.000000;;
                              }

                              Frame Biped_Skeleton_RFootRoot {
                                 FrameTransformMatrix {
                                  0.055145, -0.094722, -0.993975, 0.000000,
                                  -0.998086, 0.022722, -0.057538, 0.000000,
                                  0.028036, 0.995244, -0.093288, 0.000000,
                                  -0.000000, -0.000001, 0.000001, 1.000000;;
                                 }

                                 Frame Biped_Skeleton_RFootBone1 {
                                    FrameTransformMatrix {
                                     -0.815831, -0.572576, -0.081089, 0.000000,
                                     0.574467, -0.818529, 0.000032, 0.000000,
                                     -0.066392, -0.046557, 0.996707, 0.000000,
                                     -0.000000, 0.000001, 0.000001, 1.000000;;
                                    }

                                    Frame Biped_Skeleton_RFootBone2 {
                                       FrameTransformMatrix {
                                        0.989090, -0.147124, -0.007401, 0.000000,
                                        0.147128, 0.989118, -0.000058, 0.000000,
                                        0.007329, -0.001032, 0.999973, 0.000000,
                                        3.153153, 0.000001, -0.000000, 1.000000;;
                                       }

                                       Frame Biped_Skeleton_RFootBone3 {
                                          FrameTransformMatrix {
                                           0.946743, -0.321827, 0.010219, 0.000000,
                                           0.321031, 0.945897, 0.047084, 0.000000,
                                           -0.024819, -0.041296, 0.998839, 0.000000,
                                           3.236554, -0.000000, -0.000000, 1.000000;;
                                          }

                                       }
                                    }
                                 }
                              }
                           }
                        }
                     }
                  }
               }
            }
         }
      }
   }

   Frame Body {
      FrameTransformMatrix {
       1.000000, 0.000000, 0.000000, 0.000000,
       0.000000, 1.000000, 0.000000, 0.000000,
       0.000000, 0.000000, 1.000000, 0.000000,
       0.000000, 0.000000, 0.000000, 1.000000;;
      }

      Mesh skinnedMesh {
       3612;
       0.028516; 58.841511; 0.092312;,
       -0.703695; 58.877422; 0.097228;,
       -0.682823; 60.245869; 0.593240;,
       0.028124; 60.163967; 0.332660;,
       -1.368786; 60.435642; 1.043009;,
       -1.497926; 59.040691; 0.213424;,
       -2.282930; 59.388992; 0.791324;,
       -2.120915; 60.531288; 1.613876;,
       -1.669783; 60.414421; 0.927814;,
       -3.122957; 60.037163; 2.498822;,
       -2.091424; 60.560894; 2.538806;,
       -1.812681; 60.556705; 1.729204;,
       -7.685480; 33.206314; -2.347731;,
       -7.735643; 33.926178; -2.051133;,
       -8.342910; 33.731327; -2.113919;,
       -8.247412; 33.168434; -2.355545;,
       -8.039524; 31.320629; -2.043268;,
       -7.338279; 29.284771; -2.708424;,
       -7.759819; 31.754492; -2.162231;,
       -7.768408; 31.673300; -1.760767;,
       -7.195590; 37.524136; -1.146556;,
       -7.457582; 37.643131; -0.334316;,
       -7.797343; 36.398659; -0.514565;,
       -7.902396; 36.402416; -1.254038;,
       -7.912531; 29.317572; 0.245362;,
       -8.134101; 32.121063; 0.737978;,
       -7.856998; 32.245823; 0.731359;,
       -7.246255; 28.844244; -1.507016;,
       -8.149914; 32.048683; -0.836872;,
       -7.735659; 32.232262; -0.709996;,
       -8.122000; 32.114746; -0.331456;,
       -8.209062; 32.818123; -0.251409;,
       -8.268766; 32.720051; -0.842936;,
       -8.149914; 32.048683; -0.836872;,
       -7.977581; 32.108154; -3.052540;,
       -8.049036; 32.359566; -3.173127;,
       -7.681718; 32.513550; -3.051720;,
       -7.358043; 38.936867; -1.443299;,
       -7.042749; 38.417000; -1.094909;,
       -7.009847; 37.843937; -1.747487;,
       -7.135990; 38.344761; -1.975068;,
       -8.110667; 38.619473; -1.683209;,
       -7.358043; 38.936867; -1.443299;,
       -7.135990; 38.344761; -1.975068;,
       -7.649391; 38.329117; -2.160880;,
       -7.338279; 29.284771; -2.708424;,
       -8.179877; 31.553305; -2.306711;,
       -7.759819; 31.754492; -2.162231;,
       -7.246255; 28.844244; -1.507016;,
       -8.026226; 31.887974; -0.543311;,
       -8.192535; 31.441975; -1.827296;,
       -8.260910; 32.286583; -1.572616;,
       -8.226265; 32.393009; -2.124254;,
       -8.179877; 31.553305; -2.306711;,
       -7.338279; 29.284771; -2.708424;,
       -8.039524; 31.320629; -2.043268;,
       -7.232327; 38.835655; -0.114043;,
       -7.689221; 39.349388; -0.999548;,
       -7.859808; 40.248989; -0.689550;,
       -7.440217; 40.001392; -0.044882;,
       -8.644151; 38.729546; -1.054829;,
       -8.535230; 40.200451; -0.564769;,
       -7.440115; 39.816429; 0.893150;,
       -7.380494; 39.069080; 0.707269;,
       -7.529688; 38.996128; 1.024034;,
       -7.533721; 39.742744; 1.211044;,
       -7.939229; 39.737514; 1.359962;,
       -7.932163; 38.975819; 1.124595;,
       -8.597249; 39.822968; 0.957767;,
       -8.574378; 39.021141; 0.726555;,
       -8.818336; 40.000656; 0.151891;,
       -8.882008; 39.055668; -0.069236;,
       -8.882008; 39.055668; -0.069236;,
       -8.818336; 40.000656; 0.151891;,
       -8.018254; 36.484600; -1.766773;,
       -8.653439; 36.432880; -1.924281;,
       -8.172711; 37.471024; -1.941192;,
       -7.490820; 37.148148; -1.809263;,
       -7.195185; 36.250206; -3.250635;,
       -6.083149; 34.442726; -4.263423;,
       -6.917559; 36.217476; -2.997408;,
       -7.289481; 36.310539; -3.051001;,
       -7.110621; 36.669460; -2.476052;,
       -7.529166; 36.693584; -2.742283;,
       -7.196928; 36.889172; -2.340527;,
       -7.609826; 36.980263; -2.572540;,
       -7.321651; 37.168243; -2.111403;,
       -7.728927; 37.240154; -2.368953;,
       -7.782407; 37.353588; -2.260152;,
       -7.373122; 37.301926; -2.013823;,
       -8.172711; 37.471024; -1.941192;,
       -7.490820; 37.148148; -1.809263;,
       -6.602113; 36.510757; -3.043864;,
       -6.917559; 36.217476; -2.997408;,
       -6.083149; 34.442726; -4.263423;,
       -7.110621; 36.669460; -2.476052;,
       -6.702392; 37.074085; -2.516295;,
       -7.196928; 36.889172; -2.340527;,
       -6.828228; 37.263813; -2.377343;,
       -7.321651; 37.168243; -2.111403;,
       -6.932950; 37.534782; -2.152577;,
       -7.373122; 37.301926; -2.013823;,
       -6.976442; 37.672806; -2.042589;,
       -7.490820; 37.148148; -1.809263;,
       -7.373122; 37.301926; -2.013823;,
       -6.976442; 37.672806; -2.042589;,
       -8.018254; 36.484600; -1.766773;,
       -7.232327; 38.835655; -0.114043;,
       -6.617431; 36.882027; -3.092157;,
       -6.602113; 36.510757; -3.043864;,
       -6.681918; 36.693932; -3.309133;,
       -6.717840; 37.339420; -2.742572;,
       -6.702392; 37.074085; -2.516295;,
       -6.602113; 36.510757; -3.043864;,
       -6.617431; 36.882027; -3.092157;,
       -6.828228; 37.263813; -2.377343;,
       -6.858063; 37.539330; -2.573654;,
       -6.932950; 37.534782; -2.152577;,
       -6.965880; 37.828144; -2.340962;,
       -6.998495; 37.936272; -2.235212;,
       -6.858063; 37.539330; -2.573654;,
       -6.717840; 37.339420; -2.742572;,
       -7.009773; 37.372162; -2.977798;,
       -7.124297; 37.636631; -2.745465;,
       -6.998495; 37.936272; -2.235212;,
       -7.267549; 37.978954; -2.416638;,
       -7.232327; 38.835655; -0.114043;,
       -7.042749; 38.417000; -1.094909;,
       -7.358043; 38.936867; -1.443299;,
       -7.689221; 39.349388; -0.999548;,
       -6.785543; 36.702579; -3.409279;,
       -6.921060; 37.137512; -3.116877;,
       -7.215133; 37.856350; -2.549042;,
       -6.965880; 37.828144; -2.340962;,
       -7.689221; 39.349388; -0.999548;,
       -8.644151; 38.729546; -1.054829;,
       -8.409104; 37.829018; -1.663759;,
       -8.001730; 37.896465; -2.088398;,
       -8.653439; 36.432880; -1.924281;,
       -7.773608; 37.639332; -2.465458;,
       -7.718600; 37.484348; -2.576291;,
       -7.635220; 37.276711; -2.754088;,
       -7.554475; 36.962776; -2.982594;,
       -7.422323; 36.712612; -3.104219;,
       -7.218190; 36.320686; -3.398490;,
       -8.879119; 37.673199; -1.115358;,
       -8.951871; 36.237141; -1.387802;,
       -8.949697; 36.053532; -0.526992;,
       -8.917407; 37.784481; -0.233339;,
       -8.882008; 39.055668; -0.069236;,
       -8.552653; 37.800087; 0.593493;,
       -8.574378; 39.021141; 0.726555;,
       -8.579583; 36.039471; 0.333008;,
       -8.028056; 36.169861; 0.854342;,
       -7.954459; 37.803017; 1.065906;,
       -7.932163; 38.975819; 1.124595;,
       -7.954459; 37.803017; 1.065906;,
       -8.028056; 36.169861; 0.854342;,
       -7.581949; 36.362213; 0.707915;,
       -7.522243; 37.842831; 1.008221;,
       -7.932163; 38.975819; 1.124595;,
       -7.529688; 38.996128; 1.024034;,
       -7.529688; 38.996128; 1.024034;,
       -7.522243; 37.842831; 1.008221;,
       -7.230337; 37.758179; 0.484814;,
       -7.380494; 39.069080; 0.707269;,
       -7.532458; 36.438122; 0.231910;,
       -7.581949; 36.362213; 0.707915;,
       -7.757582; 32.831223; -1.930866;,
       -7.730739; 32.507362; -2.001699;,
       -8.226265; 32.393009; -2.124254;,
       -8.283351; 32.800571; -2.035553;,
       -7.848812; 33.997692; -1.673591;,
       -7.821530; 33.682617; -1.745546;,
       -8.384046; 33.468170; -1.876850;,
       -8.452320; 33.983490; -1.765333;,
       -7.878640; 34.722130; -1.484578;,
       -8.540907; 34.653416; -1.597745;,
       -7.856657; 35.052383; -1.512131;,
       -8.606034; 35.097084; -1.558502;,
       -8.283351; 32.800571; -2.035553;,
       -8.307028; 32.693771; -1.454646;,
       -8.540907; 34.653416; -1.597745;,
       -8.452320; 33.983490; -1.765333;,
       -8.490061; 33.869522; -1.154575;,
       -8.588676; 34.503410; -0.995441;,
       -8.435362; 33.347496; -1.279321;,
       -8.384046; 33.468170; -1.876850;,
       -8.606034; 35.097084; -1.558502;,
       -8.609776; 34.946957; -0.795706;,
       -7.856657; 35.052383; -1.512131;,
       -7.865640; 34.894585; -0.761811;,
       -7.673257; 34.628071; -0.898206;,
       -7.878640; 34.722130; -1.484578;,
       -7.864177; 33.842308; -1.147503;,
       -7.848812; 33.997692; -1.673591;,
       -7.833989; 33.545876; -1.233903;,
       -7.821530; 33.682617; -1.745546;,
       -7.783261; 32.693222; -1.457786;,
       -7.757582; 32.831223; -1.930866;,
       -7.743756; 32.391472; -1.552197;,
       -7.730739; 32.507362; -2.001699;,
       -7.768408; 31.673300; -1.760767;,
       -7.759819; 31.754492; -2.162231;,
       -8.192535; 31.441975; -1.827296;,
       -8.490061; 33.869522; -1.154575;,
       -8.435362; 33.347496; -1.279321;,
       -7.833989; 33.545876; -1.233903;,
       -7.864177; 33.842308; -1.147503;,
       -8.588676; 34.503410; -0.995441;,
       -7.673257; 34.628071; -0.898206;,
       -7.743756; 32.391472; -1.552197;,
       -8.260910; 32.286583; -1.572616;,
       -8.307028; 32.693771; -1.454646;,
       -7.783261; 32.693222; -1.457786;,
       -8.609776; 34.946957; -0.795706;,
       -7.865640; 34.894585; -0.761811;,
       -8.509738; 35.150509; 0.136439;,
       -8.223989; 35.008442; 0.909166;,
       -8.223989; 35.008442; 0.909166;,
       -7.734241; 35.562729; 0.648809;,
       -7.809263; 35.120163; 0.047239;,
       -7.734241; 35.562729; 0.648809;,
       -7.829820; 35.402210; -2.061285;,
       -8.459045; 35.357414; -2.167258;,
       -7.829820; 35.402210; -2.061285;,
       -8.459045; 35.357414; -2.167258;,
       -7.735643; 33.926178; -2.051133;,
       -7.685480; 33.206314; -2.347731;,
       -7.665765; 33.423599; -2.790017;,
       -7.723614; 34.167271; -2.531259;,
       -7.767945; 34.203190; -1.942363;,
       -7.751408; 34.438503; -2.420270;,
       -8.109515; 33.061577; -2.977839;,
       -7.645214; 33.194168; -2.862532;,
       -7.665765; 33.423599; -2.790017;,
       -8.142408; 33.395283; -2.866340;,
       -7.751408; 34.438503; -2.420270;,
       -7.723614; 34.167271; -2.531259;,
