xof 0303txt 0032

// DirectX 9.0 file
// Creator: Ultimate Unwrap3D Pro v3.13
// Time: Sun Feb 15 18:06:57 2009

// Start of Templates

template VertexDuplicationIndices {
 <b8d65549-d7c9-4995-89cf-53a9a8b031e3>
 DWORD nIndices;
 DWORD nOriginalVertices;
 array DWORD indices[nIndices];
}

template FVFData {
 <b6e70a0e-8ef9-4e83-94ad-ecc8b0c04897>
 DWORD dwFVF;
 DWORD nDWords;
 array DWORD data[nDWords];
}

template Header {
 <3D82AB43-62DA-11cf-AB39-0020AF71E433>
 WORD major;
 WORD minor;
 DWORD flags;
}

template Vector {
 <3D82AB5E-62DA-11cf-AB39-0020AF71E433>
 FLOAT x;
 FLOAT y;
 FLOAT z;
}

template Coords2d {
 <F6F23F44-7686-11cf-8F52-0040333594A3>
 FLOAT u;
 FLOAT v;
}

template Matrix4x4 {
 <F6F23F45-7686-11cf-8F52-0040333594A3>
 array FLOAT matrix[16];
}

template ColorRGBA {
 <35FF44E0-6C7C-11cf-8F52-0040333594A3>
 FLOAT red;
 FLOAT green;
 FLOAT blue;
 FLOAT alpha;
}

template ColorRGB {
 <D3E16E81-7835-11cf-8F52-0040333594A3>
 FLOAT red;
 FLOAT green;
 FLOAT blue;
}

template IndexedColor {
 <1630B820-7842-11cf-8F52-0040333594A3>
 DWORD index;
 ColorRGBA indexColor;
}

template Material {
 <3D82AB4D-62DA-11cf-AB39-0020AF71E433>
 ColorRGBA faceColor;
 FLOAT power;
 ColorRGB specularColor;
 ColorRGB emissiveColor;
 [...]
}

template TextureFilename {
 <A42790E1-7810-11cf-8F52-0040333594A3>
 STRING filename;
}

template MeshFace {
 <3D82AB5F-62DA-11cf-AB39-0020AF71E433>
 DWORD nFaceVertexIndices;
 array DWORD faceVertexIndices[nFaceVertexIndices];
}

template MeshTextureCoords {
 <F6F23F40-7686-11cf-8F52-0040333594A3>
 DWORD nTextureCoords;
 array Coords2d textureCoords[nTextureCoords];
}

template MeshMaterialList {
 <F6F23F42-7686-11cf-8F52-0040333594A3>
 DWORD nMaterials;
 DWORD nFaceIndexes;
 array DWORD faceIndexes[nFaceIndexes];
 [Material]
}

template MeshNormals {
 <F6F23F43-7686-11cf-8F52-0040333594A3>
 DWORD nNormals;
 array Vector normals[nNormals];
 DWORD nFaceNormals;
 array MeshFace faceNormals[nFaceNormals];
}

template MeshVertexColors {
 <1630B821-7842-11cf-8F52-0040333594A3>
 DWORD nVertexColors;
 array IndexedColor vertexColors[nVertexColors];
}

template Mesh {
 <3D82AB44-62DA-11cf-AB39-0020AF71E433>
 DWORD nVertices;
 array Vector vertices[nVertices];
 DWORD nFaces;
 array MeshFace faces[nFaces];
 [...]
}

template FrameTransformMatrix {
 <F6F23F41-7686-11cf-8F52-0040333594A3>
 Matrix4x4 frameMatrix;
}

template Frame {
 <3D82AB46-62DA-11cf-AB39-0020AF71E433>
 [...]
}

template FloatKeys {
 <10DD46A9-775B-11cf-8F52-0040333594A3>
 DWORD nValues;
 array FLOAT values[nValues];
}

template TimedFloatKeys {
 <F406B180-7B3B-11cf-8F52-0040333594A3>
 DWORD time;
 FloatKeys tfkeys;
}

template AnimationKey {
 <10DD46A8-775B-11cf-8F52-0040333594A3>
 DWORD keyType;
 DWORD nKeys;
 array TimedFloatKeys keys[nKeys];
}

template AnimationOptions {
 <E2BF56C0-840F-11cf-8F52-0040333594A3>
 DWORD openclosed;
 DWORD positionquality;
}

template Animation {
 <3D82AB4F-62DA-11cf-AB39-0020AF71E433>
 [...]
}

template AnimationSet {
 <3D82AB50-62DA-11cf-AB39-0020AF71E433>
 [Animation]
}

template XSkinMeshHeader {
 <3CF169CE-FF7C-44ab-93C0-F78F62D172E2>
 WORD nMaxSkinWeightsPerVertex;
 WORD nMaxSkinWeightsPerFace;
 WORD nBones;
}

template SkinWeights {
 <6F0D123B-BAD2-4167-A0D0-80224F25FABB>
 STRING transformNodeName;
 DWORD nWeights;
 array DWORD vertexIndices[nWeights];
 array FLOAT weights[nWeights];
 Matrix4x4 matrixOffset;
}

template AnimTicksPerSecond {
 <9E415A43-7BA6-4a73-8743-B73D47E88476>
 DWORD AnimTicksPerSecond;
}

AnimTicksPerSecond {
 30;
}

// Start of Frames

   Frame U3DRoot {
      FrameTransformMatrix {
       1.000000, 0.000000, 0.000000, 0.000000,
       0.000000, 1.000000, 0.000000, 0.000000,
       0.000000, 0.000000, 1.000000, 0.000000,
       0.000000, 0.000000, 0.000000, 1.000000;;
      }

      Frame U3DMesh {
         FrameTransformMatrix {
          1.000000, 0.000000, 0.000000, 0.000000,
          0.000000, 1.000000, 0.000000, 0.000000,
          0.000000, 0.000000, 1.000000, 0.000000,
          0.000000, 0.000000, 0.000000, 1.000000;;
         }

      }
      Frame Scene_Root {
         FrameTransformMatrix {
          1.000000, 0.000000, 0.000000, 0.000000,
          0.000000, 1.000000, 0.000000, 0.000000,
          0.000000, 0.000000, 1.000000, 0.000000,
          0.000000, 0.000000, 0.000000, 1.000000;;
         }

         Frame MapRoot {
            FrameTransformMatrix {
             1.000000, 0.000000, 0.000000, 0.000000,
             0.000000, 1.000000, 0.000000, 0.000000,
             0.000000, 0.000000, 1.000000, 0.000000,
             0.000000, 0.000000, 0.000000, 1.000000;;
            }

            Frame MapRoot_Scene_Root {
               FrameTransformMatrix {
                -1.000000, 0.000000, 0.000000, 0.000000,
                0.000000, 1.000000, 0.000000, 0.000000,
                0.000000, 0.000000, -1.000000, 0.000000,
                -0.111024, 0.003632, -1.316090, 1.000000;;
               }

               Frame MapRoot_Biped_Skeleton {
                  FrameTransformMatrix {
                   1.000000, 0.000000, -0.000000, 0.000000,
                   -0.000000, 1.000000, 0.000000, 0.000000,
                   0.000000, 0.000000, 1.000000, 0.000000,
                   0.000000, 0.000000, 0.000000, 1.000000;;
                  }

                  Frame MapRoot_Biped_Skeleton_GlobalSRT {
                     FrameTransformMatrix {
                      1.000000, 0.000000, -0.000000, 0.000000,
                      -0.000000, 1.000000, 0.000000, 0.000000,
                      0.000000, 0.000000, 1.000000, 0.000000,
                      0.000000, 0.000000, 0.000000, 1.000000;;
                     }

                     Frame MapRoot_Biped_Skeleton_UpperBody {
                        FrameTransformMatrix {
                         1.000000, 0.000000, -0.000000, 0.000000,
                         -0.000000, 1.000000, 0.000000, 0.000000,
                         0.000000, 0.000000, 1.000000, 0.000000,
                         0.000000, 40.089367, -1.791056, 1.000000;;
                        }

                        Frame MapRoot_Biped_Skeleton_SpineRoot {
                           FrameTransformMatrix {
                            -0.000000, 0.000000, 1.000000, 0.000000,
                            0.000000, 1.000000, 0.000000, 0.000000,
                            -1.000000, 0.000000, -0.000000, 0.000000,
                            0.000000, 1.615677, -0.433646, 1.000000;;
                           }

                           Frame MapRoot_Biped_Skeleton_Spine1 {
                              FrameTransformMatrix {
                               0.112771, -0.993621, -0.000000, 0.000000,
                               0.993621, 0.112771, -0.000000, 0.000000,
                               0.000000, -0.000000, 1.000000, 0.000000,
                               0.000000, 0.000000, 0.000000, 1.000000;;
                              }

                              Frame MapRoot_Biped_Skeleton_Spine2 {
                                 FrameTransformMatrix {
                                  0.996549, -0.083002, -0.000000, 0.000000,
                                  0.083002, 0.996549, -0.000000, 0.000000,
                                  0.000000, -0.000000, 1.000000, 0.000000,
                                  -2.653599, 0.000000, 0.000000, 1.000000;;
                                 }

                                 Frame MapRoot_Biped_Skeleton_Spine3 {
                                    FrameTransformMatrix {
                                     0.994444, -0.105265, -0.000000, 0.000000,
                                     0.105265, 0.994444, 0.000000, 0.000000,
                                     0.000000, -0.000000, 1.000000, 0.000000,
                                     -2.651684, 0.000000, 0.000000, 1.000000;;
                                    }

                                    Frame MapRoot_Biped_Skeleton_Chest {
                                       FrameTransformMatrix {
                                        0.997489, -0.070820, -0.000000, 0.000000,
                                        0.070820, 0.997489, -0.000000, 0.000000,
                                        0.000000, 0.000000, 1.000000, 0.000000,
                                        -2.653343, 0.000000, -0.000000, 1.000000;;
                                       }

                                       Frame MapRoot_Biped_Skeleton_ChestEffector {
                                          FrameTransformMatrix {
                                           1.000000, 0.000000, 0.000000, 0.000000,
                                           0.000000, 1.000000, -0.000000, 0.000000,
                                           -0.000000, 0.000000, 1.000000, 0.000000,
                                           -7.969330, 0.000000, 0.000000, 1.000000;;
                                          }

                                          Frame MapRoot_Biped_Skeleton_RShoulderRoot {
                                             FrameTransformMatrix {
                                              0.145980, -0.989288, -0.000000, 0.000000,
                                              0.000001, 0.000000, -0.999999, 0.000000,
                                              0.989289, 0.145980, 0.000001, 0.000000,
                                              0.212296, -0.481273, -1.855880, 1.000000;;
                                             }

                                             Frame MapRoot_Biped_Skeleton_RShoulder {
                                                FrameTransformMatrix {
                                                 0.101720, -0.994751, 0.011193, 0.000000,
                                                 -0.994811, -0.101726, 0.000009, 0.000000,
                                                 0.001130, -0.011136, -0.999937, 0.000000,
                                                 -0.000000, 0.000000, 0.000004, 1.000000;;
                                                }

                                                Frame MapRoot_Biped_Skeleton_eff {
                                                   FrameTransformMatrix {
                                                    1.000000, 0.000000, -0.000000, 0.000000,
                                                    -0.000000, 1.000000, -0.000000, 0.000000,
                                                    0.000000, 0.000000, 1.000000, 0.000000,
                                                    -4.523523, 0.000000, 0.000000, 1.000000;;
                                                   }

                                                   Frame MapRoot_Biped_Skeleton_RRoot {
                                                      FrameTransformMatrix {
                                                       0.101720, -0.994815, 0.001130, 0.000000,
                                                       -0.994749, -0.101726, -0.011136, 0.000000,
                                                       0.011193, 0.000009, -0.999939, 0.000000,
                                                       0.000001, 0.000000, 0.000000, 1.000000;;
                                                      }

                                                      Frame MapRoot_Biped_Skeleton_RBicep {
                                                         FrameTransformMatrix {
                                                          -0.004555, -0.191498, -0.981483, 0.000000,
                                                          -0.999985, 0.002914, 0.004072, 0.000000,
                                                          0.002080, 0.981492, -0.191509, 0.000000,
                                                          0.000000, 0.000000, 0.000004, 1.000000;;
                                                         }

                                                         Frame MapRoot_Biped_Skeleton_RForearm {
                                                            FrameTransformMatrix {
                                                             1.000000, -0.000000, 0.000000, 0.000000,
                                                             0.000000, 1.000000, 0.000306, 0.000000,
                                                             -0.000000, -0.000306, 1.000000, 0.000000,
                                                             -9.946701, 0.000000, -0.000004, 1.000000;;
                                                            }

                                                            Frame MapRoot_Biped_Skeleton_eff4 {
                                                               FrameTransformMatrix {
                                                                1.000000, -0.000000, 0.000000, 0.000000,
                                                                0.000000, 1.000000, 0.000000, 0.000000,
                                                                -0.000000, -0.000000, 1.000000, 0.000000,
                                                                -10.199974, -0.000000, 0.000000, 1.000000;;
                                                               }

                                                               Frame MapRoot_Biped_Skeleton_RHandRoot {
                                                                  FrameTransformMatrix {
                                                                   -0.998372, -0.054073, 0.018118, 0.000000,
                                                                   -0.017950, -0.003596, -0.999830, 0.000000,
                                                                   0.054129, -0.998532, 0.002619, 0.000000,
                                                                   0.000008, 0.000000, 0.000002, 1.000000;;
                                                                  }

                                                                  Frame MapRoot_Biped_Skeleton_RHand {
                                                                     FrameTransformMatrix {
                                                                      -0.996054, -0.057134, -0.067923, 0.000000,
                                                                      -0.057262, 0.998359, -0.000054, 0.000000,
                                                                      0.067815, 0.003835, -0.997692, 0.000000,
                                                                      0.000004, 0.000002, -0.000000, 1.000000;;
                                                                     }

                                                                  }
                                                               }
                                                            }
                                                         }
                                                      }
                                                   }
                                                }
                                             }
                                          }
                                          Frame MapRoot_Biped_Skeleton_LShoulderRoot {
                                             FrameTransformMatrix {
                                              -0.000000, 0.000000, -0.999999, 0.000000,
                                              0.145923, -0.989296, 0.000000, 0.000000,
                                              -0.989297, -0.145923, 0.000000, 0.000000,
                                              0.212296, -0.481274, 1.855880, 1.000000;;
                                             }

                                             Frame MapRoot_Biped_Skeleton_LShoulder {
                                                FrameTransformMatrix {
                                                 0.994755, 0.101675, -0.011183, 0.000000,
                                                 -0.101681, 0.994817, 0.000019, 0.000000,
                                                 0.011127, 0.001118, 0.999937, 0.000000,
                                                 0.000000, -0.000000, -0.000004, 1.000000;;
                                                }

                                                Frame MapRoot_Biped_Skeleton_eff1 {
                                                   FrameTransformMatrix {
                                                    1.000000, -0.000000, 0.000000, 0.000000,
                                                    0.000000, 1.000000, -0.000000, 0.000000,
                                                    -0.000000, 0.000000, 1.000000, 0.000000,
                                                    -4.523522, -0.000000, -0.000008, 1.000000;;
                                                   }

                                                   Frame MapRoot_Biped_Skeleton_LRoot {
                                                      FrameTransformMatrix {
                                                       0.994756, -0.101682, 0.011127, 0.000000,
                                                       0.101675, 0.994817, 0.001118, 0.000000,
                                                       -0.011183, 0.000019, 0.999937, 0.000000,
                                                       0.000001, 0.000000, -0.000011, 1.000000;;
                                                      }

                                                      Frame MapRoot_Biped_Skeleton_LBicep {
                                                         FrameTransformMatrix {
                                                          0.150663, 0.014020, 0.988488, 0.000000,
                                                          0.073685, 0.996959, -0.025371, 0.000000,
                                                          -0.985832, 0.076658, 0.149171, 0.000000,
                                                          -0.000000, 0.000000, 0.000000, 1.000000;;
                                                         }

                                                         Frame MapRoot_Biped_Skeleton_LForearm {
                                                            FrameTransformMatrix {
                                                             0.987724, 0.156140, -0.004648, 0.000000,
                                                             -0.156141, 0.987735, 0.000058, 0.000000,
                                                             0.004600, 0.000668, 0.999989, 0.000000,
                                                             -9.946697, -0.000000, 0.000001, 1.000000;;
                                                            }

                                                            Frame MapRoot_Biped_Skeleton_eff5 {
                                                               FrameTransformMatrix {
                                                                1.000000, 0.000000, 0.000000, 0.000000,
                                                                0.000000, 1.000000, -0.000000, 0.000000,
                                                                -0.000000, 0.000000, 1.000000, 0.000000,
                                                                -10.199986, 0.000001, 0.000002, 1.000000;;
                                                               }

                                                               Frame MapRoot_Biped_Skeleton_LHandRoot {
                                                                  FrameTransformMatrix {
                                                                   0.998372, -0.054073, -0.018118, 0.000000,
                                                                   0.017950, -0.003595, 0.999835, 0.000000,
                                                                   -0.054129, -0.998527, -0.002619, 0.000000,
                                                                   -0.000004, 0.000002, -0.000002, 1.000000;;
                                                                  }

                                                                  Frame MapRoot_Biped_Skeleton_LHand {
                                                                     FrameTransformMatrix {
                                                                      0.996052, 0.057133, 0.067923, 0.000000,
                                                                      -0.057262, 0.998359, -0.000055, 0.000000,
                                                                      -0.067815, -0.003835, 0.997691, 0.000000,
                                                                      0.000008, 0.000000, 0.000001, 1.000000;;
                                                                     }

                                                                  }
                                                               }
                                                            }
                                                         }
                                                      }
                                                   }
                                                }
                                             }
                                          }
                                          Frame MapRoot_Biped_Skeleton_SpineRoot1 {
                                             FrameTransformMatrix {
                                              -0.145962, 0.989290, -0.000000, 0.000000,
                                              -0.989290, -0.145962, -0.000000, 0.000000,
                                              -0.000000, -0.000000, 1.000000, 0.000000,
                                              -0.000004, 0.000002, 0.000000, 1.000000;;
                                             }

                                             Frame MapRoot_Biped_Skeleton_Spine4 {
                                                FrameTransformMatrix {
                                                 0.049792, -0.998760, 0.000000, 0.000000,
                                                 0.998760, 0.049792, -0.000000, 0.000000,
                                                 0.000000, 0.000000, 1.000000, 0.000000,
                                                 0.000000, 0.000000, 0.000000, 1.000000;;
                                                }

                                                Frame MapRoot_Biped_Skeleton_Spine5 {
                                                   FrameTransformMatrix {
                                                    0.999932, -0.011658, 0.000000, 0.000000,
                                                    0.011658, 0.999932, 0.000000, 0.000000,
                                                    -0.000000, -0.000000, 1.000000, 0.000000,
                                                    -1.861778, 0.000000, 0.000000, 1.000000;;
                                                   }

                                                   Frame MapRoot_Biped_Skeleton_Spine6 {
                                                      FrameTransformMatrix {
                                                       0.999930, -0.011842, 0.000000, 0.000000,
                                                       0.011842, 0.999930, -0.000000, 0.000000,
                                                       -0.000000, 0.000000, 1.000000, 0.000000,
                                                       -1.861752, 0.000000, 0.000000, 1.000000;;
                                                      }

                                                      Frame MapRoot_Biped_Skeleton_Chest1 {
                                                         FrameTransformMatrix {
                                                          0.999966, -0.008240, -0.000000, 0.000000,
                                                          0.008240, 0.999966, -0.000000, 0.000000,
                                                          0.000000, 0.000000, 1.000000, 0.000000,
                                                          -1.861763, 0.000000, 0.000000, 1.000000;;
                                                         }

                                                      }
                                                   }
                                                }
                                             }
                                          }
                                       }
                                    }
                                 }
                              }
                           }
                        }
                        Frame MapRoot_Biped_Skeleton_LRoot1 {
                           FrameTransformMatrix {
                            1.000000, 0.000000, -0.000000, 0.000000,
                            -0.000000, 1.000000, 0.000000, 0.000000,
                            0.000000, 0.000000, 1.000000, 0.000000,
                            -3.385492, -2.423512, 0.650471, 1.000000;;
                           }

                           Frame MapRoot_Biped_Skeleton_LThigh {
                              FrameTransformMatrix {
                               0.111385, 0.992349, -0.053263, 0.000000,
                               -0.000001, -0.053596, -0.998564, 0.000000,
                               -0.993776, 0.111225, -0.005969, 0.000000,
                               0.000000, 0.000000, 0.000000, 1.000000;;
                              }

                              Frame MapRoot_Biped_Skeleton_LShin {
                                 FrameTransformMatrix {
                                  0.994304, -0.106373, 0.006686, 0.000000,
                                  0.014246, 0.070471, -0.997414, 0.000000,
                                  0.105626, 0.991823, 0.071584, 0.000000,
                                  -17.494080, 0.000000, -0.000001, 1.000000;;
                                 }

                                 Frame MapRoot_Biped_Skeleton_eff6 {
                                    FrameTransformMatrix {
                                     1.000000, -0.000000, 0.000000, 0.000000,
                                     0.000000, 1.000000, -0.000000, 0.000000,
                                     0.000000, 0.000000, 1.000000, 0.000000,
                                     -15.915822, -0.000001, 0.000000, 1.000000;;
                                    }

                                    Frame MapRoot_Biped_Skeleton_LFootRoot {
                                       FrameTransformMatrix {
                                        0.053287, -0.068431, 0.996234, 0.000000,
                                        0.993138, 0.107658, -0.045726, 0.000000,
                                        -0.104122, 0.991826, 0.073697, 0.000000,
                                        -0.000000, -0.000000, 0.000000, 1.000000;;
                                       }

                                       Frame MapRoot_Biped_Skeleton_LFootBone1 {
                                          FrameTransformMatrix {
                                           0.877257, 0.479999, 0.004529, 0.000000,
                                           -0.480004, 0.877266, -0.000025, 0.000000,
                                           -0.003985, -0.002152, 0.999990, 0.000000,
                                           0.000000, 0.000000, 0.000000, 1.000000;;
                                          }

                                          Frame MapRoot_Biped_Skeleton_LFootBone2 {
                                             FrameTransformMatrix {
                                              0.989089, -0.142818, 0.036097, 0.000000,
                                              0.142911, 0.989737, 0.000022, 0.000000,
                                              -0.035730, 0.005137, 0.999347, 0.000000,
                                              -3.153152, 0.000000, 0.000000, 1.000000;;
                                             }

                                             Frame MapRoot_Biped_Skeleton_LFootBone3 {
                                                FrameTransformMatrix {
                                                 0.946741, -0.317705, 0.052381, 0.000000,
                                                 -0.321031, -0.918768, 0.229797, 0.000000,
                                                 -0.024882, -0.234374, -0.971829, 0.000000,
                                                 -3.236556, 0.000000, -0.000000, 1.000000;;
                                                }

                                             }
                                          }
                                       }
                                    }
                                 }
                              }
                           }
                        }
                        Frame MapRoot_Biped_Skeleton_RRoot1 {
                           FrameTransformMatrix {
                            1.000000, 0.000000, -0.000000, 0.000000,
                            -0.000000, 1.000000, 0.000000, 0.000000,
                            0.000000, 0.000000, 1.000000, 0.000000,
                            3.385492, -2.423512, 0.650471, 1.000000;;
                           }

                           Frame MapRoot_Biped_Skeleton_RThigh {
                              FrameTransformMatrix {
                               -0.111384, 0.992349, -0.053263, 0.000000,
                               -0.000000, -0.053596, -0.998564, 0.000000,
                               -0.993777, -0.111224, 0.005970, 0.000000,
                               0.000000, 0.000000, 0.000000, 1.000000;;
                              }

                              Frame MapRoot_Biped_Skeleton_RShin {
                                 FrameTransformMatrix {
                                  0.994304, -0.106373, -0.006686, 0.000000,
                                  0.014246, 0.070470, 0.997414, 0.000000,
                                  -0.105626, -0.991824, 0.071584, 0.000000,
                                  -17.494076, 0.000000, 0.000001, 1.000000;;
                                 }

                                 Frame MapRoot_Biped_Skeleton_eff7 {
                                    FrameTransformMatrix {
                                     1.000000, -0.000000, -0.000000, 0.000000,
                                     0.000000, 1.000000, -0.000000, 0.000000,
                                     0.000000, -0.000000, 1.000000, 0.000000,
                                     -15.915822, 0.000000, 0.000000, 1.000000;;
                                    }

                                    Frame MapRoot_Biped_Skeleton_RFootRoot {
                                       FrameTransformMatrix {
                                        0.053286, 0.068431, 0.996233, 0.000000,
                                        0.993137, -0.107664, -0.045726, 0.000000,
                                        0.104129, 0.991827, -0.073699, 0.000000,
                                        0.000000, 0.000000, -0.000000, 1.000000;;
                                       }

                                       Frame MapRoot_Biped_Skeleton_RFootBone1 {
                                          FrameTransformMatrix {
                                           -0.821569, 0.558713, 0.113420, 0.000000,
                                           -0.562339, -0.826908, 0.000034, 0.000000,
                                           0.093807, -0.063752, 0.993547, 0.000000,
                                           0.000000, 0.000000, 0.000001, 1.000000;;
                                          }

                                          Frame MapRoot_Biped_Skeleton_RFootBone2 {
                                             FrameTransformMatrix {
                                              0.989093, 0.146940, 0.010220, 0.000000,
                                              -0.146947, 0.989144, -0.000021, 0.000000,
                                              -0.010112, -0.001481, 0.999948, 0.000000,
                                              -3.153153, 0.000000, 0.000000, 1.000000;;
                                             }

                                             Frame MapRoot_Biped_Skeleton_RFootBone3 {
                                                FrameTransformMatrix {
                                                 0.946732, 0.321997, -0.004087, 0.000000,
                                                 -0.321066, 0.944820, 0.065046, 0.000000,
                                                 0.024806, -0.060269, 0.997874, 0.000000,
                                                 -3.236556, 0.000001, -0.000000, 1.000000;;
                                                }

                                             }
                                          }
                                       }
                                    }
                                 }
                              }
                           }
                        }
                     }
                  }
               }
            }
            Frame MapRoot_Scene_Root_UU3D {
               FrameTransformMatrix {
                -1.000000, 0.000000, 0.000000, 0.000000,
                0.000000, 1.000000, 0.000000, 0.000000,
                0.000000, 0.000000, -1.000000, 0.000000,
                -0.401731, 0.000000, -2.051964, 1.000000;;
               }

            }
            Frame MapRoot_Body {
               FrameTransformMatrix {
                -1.000000, 0.000000, 0.000000, 0.000000,
                0.000000, 1.000000, 0.000000, 0.000000,
                0.000000, 0.000000, -1.000000, 0.000000,
                -0.401731, 0.000000, -2.051964, 1.000000;;
               }

            }
            Frame MapRoot_Body0 {
               FrameTransformMatrix {
                1.000000, 0.000000, 0.000000, 0.000000,
                0.000000, 1.000000, 0.000000, 0.000000,
                0.000000, 0.000000, 1.000000, 0.000000,
                0.000000, 0.000000, 0.000000, 1.000000;;
               }

               Frame MapRoot_mesh0 {
                  FrameTransformMatrix {
                   1.000000, 0.000000, 0.000000, 0.000000,
                   0.000000, 1.000000, 0.000000, 0.000000,
                   0.000000, 0.000000, 1.000000, 0.000000,
                   0.000000, 0.000000, 0.000000, 1.000000;;
                  }

               }
            }
         }
      }
      Frame Body {
         FrameTransformMatrix {
          1.000000, 0.000000, 0.000000, 0.000000,
          0.000000, 1.000000, 0.000000, 0.000000,
          0.000000, 0.000000, 1.000000, 0.000000,
          0.000000, 0.000000, 0.000000, 1.000000;;
         }

      }
   }

   Frame Body0 {
      FrameTransformMatrix {
       1.000000, 0.000000, 0.000000, 0.000000,
       0.000000, 1.000000, 0.000000, 0.000000,
       0.000000, 0.000000, 1.000000, 0.000000,
       0.000000, 0.000000, 0.000000, 1.000000;;
      }

      Mesh skinnedMesh {
       5331;
       6.938751; 6.387304; 1.593452;,
       6.358261; 6.228104; 1.184432;,
       6.624137; 4.776260; 0.976843;,
       7.069864; 4.861500; 1.721053;,
       7.109254; 2.088770; 2.396273;,
       7.080892; 3.480259; 2.042437;,
       6.573716; 3.460724; 1.222387;,
       6.542672; 2.186523; 1.553266;,
       8.476051; 2.344635; 0.996541;,
       8.861360; 2.573675; -0.809521;,
       8.614036; 3.767189; -0.758496;,
       8.406383; 3.554136; 0.586731;,
       7.341300; 6.174301; -1.969222;,
       7.432068; 5.009338; -2.040627;,
       6.847097; 4.939735; -1.818844;,
       6.752338; 6.046652; -1.913407;,
       2.511862; 26.762335; 0.940158;,
       2.186618; 29.797581; 0.986227;,
       1.843581; 29.740322; -0.155693;,
       2.180209; 26.442577; -0.037625;,
       5.890562; 35.236214; 2.705036;,
       5.640655; 36.935211; 2.600206;,
       4.849262; 36.681942; 3.605671;,
       5.081405; 34.872997; 3.760167;,
       2.309420; 31.435944; 2.877839;,
       2.631626; 29.638170; 2.402802;,
       3.506271; 28.678234; 2.990071;,
       3.312863; 30.571362; 3.761904;,
       3.075301; 18.983391; -1.513573;,
       1.901913; 21.223726; -1.063084;,
       2.257536; 21.388554; -2.295770;,
       2.959728; 20.787710; -2.106683;,
       3.744508; 22.931150; -3.498561;,
       4.978316; 23.981960; -3.626467;,
       5.127367; 20.903433; -3.652488;,
       3.706093; 21.031588; -3.009909;,
       6.082255; 2.880114; -1.478175;,
       6.418669; 3.024628; -2.242215;,
       6.275576; 2.418516; -3.173523;,
       9.613636; 1.634190; -7.459166;,
       8.176491; 1.842552; -7.397973;,
       7.726741; 3.014967; -2.847581;,
       8.591357; 2.883720; -2.061756;,
       2.436049; 47.846146; 4.387653;,
       1.941793; 44.182186; 3.558118;,
       3.011385; 44.137684; 3.213816;,
       3.483772; 46.577698; 3.654938;,
       4.748456; 33.284359; -3.567563;,
       4.819367; 31.759314; -3.864067;,
       3.370751; 32.188560; -3.303778;,
       3.532464; 33.254166; -3.338548;,
       0.920214; 44.226929; 3.834612;,
       1.070287; 48.582554; 4.893497;,
       -0.100982; 48.165382; 3.546377;,
       -0.103012; 43.589153; 3.069484;,
       0.242109; 33.158939; 0.863172;,
       0.910530; 32.350468; -0.223734;,
       1.956128; 31.049189; 1.022816;,
       1.348657; 32.216351; 1.831812;,
       -0.102046; 35.321899; 3.279611;,
       0.405729; 34.722462; 4.342822;,
       0.651264; 36.474022; 4.556377;,
       -0.100118; 36.629139; 4.231256;,
       3.487144; 34.424194; -3.225008;,
       1.377525; 34.384315; -2.526590;,
       1.747652; 35.799744; -3.096962;,
       3.615806; 36.448742; -3.220026;,
       -0.119421; 34.004463; 0.792476;,
       -0.101028; 33.885330; 0.314158;,
       -0.120484; 33.611801; -0.503304;,
       0.039395; 33.428425; -0.465427;,
       6.388476; 25.880453; 1.546332;,
       5.461655; 25.654013; 2.495886;,
       5.786459; 23.070972; 2.669766;,
       6.855648; 24.014448; 1.346174;,
       0.781387; 32.658638; 3.892984;,
       2.704287; 32.552746; 4.297740;,
       6.945282; 31.977423; 0.544021;,
       7.311063; 29.152746; 0.315930;,
       7.463645; 29.148607; -1.767411;,
       7.212134; 31.868757; -1.661719;,
       4.961139; 26.765205; -3.759543;,
       4.855443; 29.184742; -3.810032;,
       6.649632; 29.177114; -3.353271;,
       6.795927; 26.736649; -2.902502;,
       8.363453; 29.534349; -0.609385;,
       8.267200; 29.575556; -0.665523;,
       8.451330; 29.703943; -0.719880;,
       8.454790; 29.648586; -0.645846;,
       7.096297; 33.603855; 0.748854;,
       6.839250; 33.684299; -1.500504;,
       6.238977; 28.267555; 2.005481;,
       5.482523; 27.527819; 2.699281;,
       6.405878; 4.901903; -1.281025;,
       6.262044; 6.113461; -1.509812;,
       4.610726; 5.756836; 0.178695;,
       5.888074; 6.030054; 0.110659;,
       6.358261; 6.228104; 1.184432;,
       5.273545; 4.445210; 2.080800;,
       1.314728; 33.419010; -2.172343;,
       3.532464; 33.254166; -3.338548;,
       5.888074; 6.030054; 0.110659;,
       6.221627; 4.780191; 0.081036;,
       6.624137; 4.776260; 0.976843;,
       6.358261; 6.228104; 1.184432;,
       1.586346; 30.934540; -0.183476;,
       1.758016; 32.394917; -2.268114;,
       1.314728; 33.419010; -2.172343;,
       1.656483; 31.459480; -2.038326;,
       2.439756; 30.468513; -2.578326;,
       7.167997; 25.975412; 0.015295;,
       7.096840; 27.936737; 0.192523;,
       4.505192; 28.453665; 3.099431;,
       4.615817; 27.278309; 3.021851;,
       5.396954; 28.943460; 2.795582;,
       -0.119421; 34.004463; 0.792476;,
       -0.105224; 33.951344; 2.284644;,
       -0.102138; 34.692020; 2.372178;,
       7.472405; 27.673340; -1.675157;,
       8.187150; 3.743355; -1.700536;,
       7.978670; 5.074030; -1.770416;,
       8.340954; 5.097956; -0.984190;,
