xof 0303txt 0032

// DirectX 9.0 file
// Creator: Ultimate Unwrap3D Pro v3.13
// Time: Mon Feb 16 14:15:35 2009

// Start of Templates

template VertexDuplicationIndices {
 <b8d65549-d7c9-4995-89cf-53a9a8b031e3>
 DWORD nIndices;
 DWORD nOriginalVertices;
 array DWORD indices[nIndices];
}

template FVFData {
 <b6e70a0e-8ef9-4e83-94ad-ecc8b0c04897>
 DWORD dwFVF;
 DWORD nDWords;
 array DWORD data[nDWords];
}

template Header {
 <3D82AB43-62DA-11cf-AB39-0020AF71E433>
 WORD major;
 WORD minor;
 DWORD flags;
}

template Vector {
 <3D82AB5E-62DA-11cf-AB39-0020AF71E433>
 FLOAT x;
 FLOAT y;
 FLOAT z;
}

template Coords2d {
 <F6F23F44-7686-11cf-8F52-0040333594A3>
 FLOAT u;
 FLOAT v;
}

template Matrix4x4 {
 <F6F23F45-7686-11cf-8F52-0040333594A3>
 array FLOAT matrix[16];
}

template ColorRGBA {
 <35FF44E0-6C7C-11cf-8F52-0040333594A3>
 FLOAT red;
 FLOAT green;
 FLOAT blue;
 FLOAT alpha;
}

template ColorRGB {
 <D3E16E81-7835-11cf-8F52-0040333594A3>
 FLOAT red;
 FLOAT green;
 FLOAT blue;
}

template IndexedColor {
 <1630B820-7842-11cf-8F52-0040333594A3>
 DWORD index;
 ColorRGBA indexColor;
}

template Material {
 <3D82AB4D-62DA-11cf-AB39-0020AF71E433>
 ColorRGBA faceColor;
 FLOAT power;
 ColorRGB specularColor;
 ColorRGB emissiveColor;
 [...]
}

template TextureFilename {
 <A42790E1-7810-11cf-8F52-0040333594A3>
 STRING filename;
}

template MeshFace {
 <3D82AB5F-62DA-11cf-AB39-0020AF71E433>
 DWORD nFaceVertexIndices;
 array DWORD faceVertexIndices[nFaceVertexIndices];
}

template MeshTextureCoords {
 <F6F23F40-7686-11cf-8F52-0040333594A3>
 DWORD nTextureCoords;
 array Coords2d textureCoords[nTextureCoords];
}

template MeshMaterialList {
 <F6F23F42-7686-11cf-8F52-0040333594A3>
 DWORD nMaterials;
 DWORD nFaceIndexes;
 array DWORD faceIndexes[nFaceIndexes];
 [Material]
}

template MeshNormals {
 <F6F23F43-7686-11cf-8F52-0040333594A3>
 DWORD nNormals;
 array Vector normals[nNormals];
 DWORD nFaceNormals;
 array MeshFace faceNormals[nFaceNormals];
}

template MeshVertexColors {
 <1630B821-7842-11cf-8F52-0040333594A3>
 DWORD nVertexColors;
 array IndexedColor vertexColors[nVertexColors];
}

template Mesh {
 <3D82AB44-62DA-11cf-AB39-0020AF71E433>
 DWORD nVertices;
 array Vector vertices[nVertices];
 DWORD nFaces;
 array MeshFace faces[nFaces];
 [...]
}

template FrameTransformMatrix {
 <F6F23F41-7686-11cf-8F52-0040333594A3>
 Matrix4x4 frameMatrix;
}

template Frame {
 <3D82AB46-62DA-11cf-AB39-0020AF71E433>
 [...]
}

template FloatKeys {
 <10DD46A9-775B-11cf-8F52-0040333594A3>
 DWORD nValues;
 array FLOAT values[nValues];
}

template TimedFloatKeys {
 <F406B180-7B3B-11cf-8F52-0040333594A3>
 DWORD time;
 FloatKeys tfkeys;
}

template AnimationKey {
 <10DD46A8-775B-11cf-8F52-0040333594A3>
 DWORD keyType;
 DWORD nKeys;
 array TimedFloatKeys keys[nKeys];
}

template AnimationOptions {
 <E2BF56C0-840F-11cf-8F52-0040333594A3>
 DWORD openclosed;
 DWORD positionquality;
}

template Animation {
 <3D82AB4F-62DA-11cf-AB39-0020AF71E433>
 [...]
}

template AnimationSet {
 <3D82AB50-62DA-11cf-AB39-0020AF71E433>
 [Animation]
}

template XSkinMeshHeader {
 <3CF169CE-FF7C-44ab-93C0-F78F62D172E2>
 WORD nMaxSkinWeightsPerVertex;
 WORD nMaxSkinWeightsPerFace;
 WORD nBones;
}

template SkinWeights {
 <6F0D123B-BAD2-4167-A0D0-80224F25FABB>
 STRING transformNodeName;
 DWORD nWeights;
 array DWORD vertexIndices[nWeights];
 array FLOAT weights[nWeights];
 Matrix4x4 matrixOffset;
}

template AnimTicksPerSecond {
 <9E415A43-7BA6-4a73-8743-B73D47E88476>
 DWORD AnimTicksPerSecond;
}

AnimTicksPerSecond {
 30;
}

// Start of Frames

   Frame U3DRoot {
      FrameTransformMatrix {
       1.000000, 0.000000, 0.000000, 0.000000,
       0.000000, 1.000000, 0.000000, 0.000000,
       0.000000, 0.000000, 1.000000, 0.000000,
       0.000000, 0.000000, 0.000000, 1.000000;;
      }

      Frame U3DMesh {
         FrameTransformMatrix {
          1.000000, 0.000000, 0.000000, 0.000000,
          0.000000, 1.000000, 0.000000, 0.000000,
          0.000000, 0.000000, 1.000000, 0.000000,
          0.000000, 0.000000, 0.000000, 1.000000;;
         }

      }
      Frame Scene_Root {
         FrameTransformMatrix {
          -1.000000, 0.000000, 0.000000, 0.000000,
          0.000000, 1.000000, 0.000000, 0.000000,
          0.000000, 0.000000, -1.000000, 0.000000,
          0.890853, -0.121292, 4.008820, 1.000000;;
         }

         Frame Biped_Skeleton {
            FrameTransformMatrix {
             1.000000, 0.000000, -0.000000, 0.000000,
             -0.000000, 1.000000, 0.000000, 0.000000,
             0.000000, 0.000000, 1.000000, 0.000000,
             0.000000, 0.000000, 0.000000, 1.000000;;
            }

            Frame Biped_Skeleton_GlobalSRT {
               FrameTransformMatrix {
                1.000000, 0.000000, -0.000000, 0.000000,
                -0.000000, 1.000000, 0.000000, 0.000000,
                0.000000, 0.000000, 1.000000, 0.000000,
                0.000000, 0.000000, 0.000000, 1.000000;;
               }

               Frame Biped_Skeleton_UpperBody {
                  FrameTransformMatrix {
                   1.000000, 0.000000, 0.000000, 0.000000,
                   0.000000, 0.999999, -0.001160, 0.000000,
                   -0.000000, 0.001160, 0.999999, 0.000000,
                   0.008459, 34.692001, -1.788975, 1.000000;;
                  }

                  Frame Biped_Skeleton_SpineRoot {
                     FrameTransformMatrix {
                      -0.000000, 0.000000, -1.000000, 0.000000,
                      -0.000000, 1.000000, 0.000000, 0.000000,
                      1.000000, 0.000000, -0.000000, 0.000000,
                      0.000000, 1.615685, -0.433646, 1.000000;;
                     }

                     Frame Biped_Skeleton_Spine1 {
                        FrameTransformMatrix {
                         -0.285094, 0.958500, 0.000000, 0.000000,
                         -0.958500, -0.285094, -0.000000, 0.000000,
                         -0.000000, -0.000000, 1.000000, 0.000000,
                         0.000000, 0.000004, 0.000000, 1.000000;;
                        }

                        Frame Biped_Skeleton_Spine2 {
                           FrameTransformMatrix {
                            0.918341, 0.395791, -0.000000, 0.000000,
                            -0.395791, 0.918341, -0.000000, 0.000000,
                            0.000000, 0.000000, 1.000000, 0.000000,
                            2.653599, 0.000000, 0.000000, 1.000000;;
                           }

                           Frame Biped_Skeleton_Spine3 {
                              FrameTransformMatrix {
                               0.986521, -0.163637, -0.000000, 0.000000,
                               0.163637, 0.986521, -0.000000, 0.000000,
                               0.000000, 0.000000, 1.000000, 0.000000,
                               2.651678, 0.000000, 0.000000, 1.000000;;
                              }

                              Frame Biped_Skeleton_Chest {
                                 FrameTransformMatrix {
                                  0.917371, -0.398033, 0.000000, 0.000000,
                                  0.398033, 0.917371, -0.000000, 0.000000,
                                  -0.000000, 0.000000, 1.000000, 0.000000,
                                  2.653358, -0.000004, 0.000000, 1.000000;;
                                 }

                                 Frame Biped_Skeleton_ChestEffector {
                                    FrameTransformMatrix {
                                     1.000000, 0.000000, -0.000000, 0.000000,
                                     -0.000000, 1.000000, -0.000000, 0.000000,
                                     0.000000, 0.000000, 1.000000, 0.000000,
                                     7.969326, -0.000001, -0.000000, 1.000000;;
                                    }

                                    Frame Biped_Skeleton_RShoulderRoot {
                                       FrameTransformMatrix {
                                        0.145979, 0.989288, 0.000000, 0.000000,
                                        0.000000, -0.000000, -1.000001, 0.000000,
                                        -0.989287, 0.145979, -0.000000, 0.000000,
                                        -0.212296, -0.481273, -1.855880, 1.000000;;
                                       }

                                       Frame Biped_Skeleton_RShoulder {
                                          FrameTransformMatrix {
                                           -0.359434, 0.933088, -0.012498, 0.000000,
                                           0.933103, 0.359537, 0.007246, 0.000000,
                                           0.011255, -0.009057, -0.999896, 0.000000,
                                           -0.000000, 0.000000, -0.000004, 1.000000;;
                                          }

                                          Frame Biped_Skeleton_eff {
                                             FrameTransformMatrix {
                                              1.000000, -0.000000, 0.000000, 0.000000,
                                              0.000000, 1.000000, -0.000000, 0.000000,
                                              -0.000000, 0.000000, 1.000000, 0.000000,
                                              4.644648, -0.000000, 0.000011, 1.000000;;
                                             }

                                             Frame Biped_Skeleton_RRoot {
                                                FrameTransformMatrix {
                                                 0.099058, 0.995081, -0.001057, 0.000000,
                                                 0.995022, -0.099064, -0.010837, 0.000000,
                                                 -0.010888, 0.000022, -0.999941, 0.000000,
                                                 0.000000, 0.000000, 0.000004, 1.000000;;
                                                }

                                                Frame Biped_Skeleton_RBicep {
                                                   FrameTransformMatrix {
                                                    -0.135636, 0.089514, 0.986708, 0.000000,
                                                    0.990758, 0.014254, 0.134900, 0.000000,
                                                    -0.001989, 0.995883, -0.090620, 0.000000,
                                                    0.000001, 0.000000, 0.000000, 1.000000;;
                                                   }

                                                   Frame Biped_Skeleton_RForearm {
                                                      FrameTransformMatrix {
                                                       0.841673, 0.539796, 0.014360, 0.000000,
                                                       -0.539800, 0.841784, -0.003955, 0.000000,
                                                       -0.014223, -0.004423, 0.999889, 0.000000,
                                                       10.200020, 0.000000, -0.000001, 1.000000;;
                                                      }

                                                      Frame Biped_Skeleton_eff4 {
                                                         FrameTransformMatrix {
                                                          1.000000, -0.000000, 0.000000, 0.000000,
                                                          0.000000, 1.000000, 0.000000, 0.000000,
                                                          -0.000000, -0.000000, 1.000000, 0.000000,
                                                          10.199989, -0.000008, 0.000001, 1.000000;;
                                                         }

                                                         Frame Biped_Skeleton_RHandRoot {
                                                            FrameTransformMatrix {
                                                             -0.998373, 0.054074, -0.018113, 0.000000,
                                                             0.017954, -0.003421, -0.999834, 0.000000,
                                                             -0.054127, -0.998530, 0.002444, 0.000000,
                                                             -0.000006, 0.000004, 0.000000, 1.000000;;
                                                            }

                                                            Frame Biped_Skeleton_RHand {
                                                               FrameTransformMatrix {
                                                                -0.996054, 0.057133, 0.067923, 0.000000,
                                                                0.057262, 0.998359, -0.000054, 0.000000,
                                                                -0.067815, 0.003836, -0.997691, 0.000000,
                                                                0.000002, 0.000000, 0.000002, 1.000000;;
                                                               }

                                                            }
                                                         }
                                                      }
                                                   }
                                                }
                                             }
                                          }
                                       }
                                    }
                                    Frame Biped_Skeleton_LShoulderRoot {
                                       FrameTransformMatrix {
                                        0.000000, -0.000000, 1.000001, 0.000000,
                                        -0.145924, -0.989296, 0.000000, 0.000000,
                                        0.989295, -0.145924, -0.000000, 0.000000,
                                        -0.212296, -0.481273, 1.855880, 1.000000;;
                                       }

                                       Frame Biped_Skeleton_LShoulder {
                                          FrameTransformMatrix {
                                           0.978048, 0.208035, 0.011961, 0.000000,
                                           -0.208132, 0.978072, 0.007518, 0.000000,
                                           -0.010135, -0.009842, 0.999900, 0.000000,
                                           -0.000000, -0.000000, 0.000000, 1.000000;;
                                          }

                                          Frame Biped_Skeleton_eff1 {
                                             FrameTransformMatrix {
                                              1.000000, 0.000000, 0.000000, 0.000000,
                                              0.000000, 1.000000, -0.000000, 0.000000,
                                              -0.000000, 0.000000, 1.000000, 0.000000,
                                              4.644650, 0.000001, -0.000004, 1.000000;;
                                             }

                                             Frame Biped_Skeleton_LRoot {
                                                FrameTransformMatrix {
                                                 0.995028, 0.099004, -0.010827, 0.000000,
                                                 -0.098999, 0.995087, 0.001026, 0.000000,
                                                 0.010875, 0.000051, 0.999941, 0.000000,
                                                 0.000001, 0.000000, 0.000011, 1.000000;;
                                                }

                                                Frame Biped_Skeleton_LBicep {
                                                   FrameTransformMatrix {
                                                    0.061821, 0.100851, -0.992980, 0.000000,
                                                    -0.008352, 0.994899, 0.100526, 0.000000,
                                                    0.998052, 0.002079, 0.062348, 0.000000,
                                                    -0.000002, -0.000000, 0.000000, 1.000000;;
                                                   }

                                                   Frame Biped_Skeleton_LForearm {
                                                      FrameTransformMatrix {
                                                       0.926199, -0.376900, 0.010062, 0.000000,
                                                       0.376903, 0.926251, 0.001658, 0.000000,
                                                       -0.009945, 0.002257, 0.999948, 0.000000,
                                                       10.200020, 0.000000, 0.000003, 1.000000;;
                                                      }

                                                      Frame Biped_Skeleton_eff5 {
                                                         FrameTransformMatrix {
                                                          1.000000, -0.000000, -0.000000, 0.000000,
                                                          0.000000, 1.000000, 0.000000, 0.000000,
                                                          0.000000, -0.000000, 1.000000, 0.000000,
                                                          10.199976, 0.000001, 0.000000, 1.000000;;
                                                         }

                                                         Frame Biped_Skeleton_LHandRoot {
                                                            FrameTransformMatrix {
                                                             0.998373, 0.054074, 0.018113, 0.000000,
                                                             -0.017954, -0.003423, 0.999834, 0.000000,
                                                             0.054127, -0.998531, -0.002446, 0.000000,
                                                             0.000004, 0.000001, 0.000000, 1.000000;;
                                                            }

                                                            Frame Biped_Skeleton_LHand {
                                                               FrameTransformMatrix {
                                                                0.996053, -0.057133, -0.067923, 0.000000,
                                                                0.057262, 0.998359, -0.000054, 0.000000,
                                                                0.067815, -0.003836, 0.997691, 0.000000,
                                                                0.000010, -0.000002, -0.000002, 1.000000;;
                                                               }

                                                            }
                                                         }
                                                      }
                                                   }
                                                }
                                             }
                                          }
                                       }
                                    }
                                    Frame Biped_Skeleton_SpineRoot1 {
                                       FrameTransformMatrix {
                                        -0.145963, -0.989290, 0.000000, 0.000000,
                                        0.989290, -0.145963, 0.000000, 0.000000,
                                        0.000000, 0.000000, 1.000000, 0.000000,
                                        -0.142128, 0.000003, 0.000000, 1.000000;;
                                       }

                                       Frame Biped_Skeleton_Spine4 {
                                          FrameTransformMatrix {
                                           0.042070, 0.999116, 0.000000, 0.000000,
                                           -0.999115, 0.042070, -0.000000, 0.000000,
                                           -0.000000, -0.000000, 1.000000, 0.000000,
                                           -0.000000, 0.000000, -0.000000, 1.000000;;
                                          }

                                          Frame Biped_Skeleton_Spine5 {
                                             FrameTransformMatrix {
                                              0.999932, 0.011658, -0.000000, 0.000000,
                                              -0.011658, 0.999932, 0.000000, 0.000000,
                                              0.000000, 0.000000, 1.000000, 0.000000,
                                              1.861778, 0.000000, -0.000000, 1.000000;;
                                             }

                                          }
                                       }
                                    }
                                 }
                              }
                           }
                        }
                     }
                  }
                  Frame Biped_Skeleton_LRoot1 {
                     FrameTransformMatrix {
                      1.000000, -0.000000, 0.000000, 0.000000,
                      0.000000, 1.000000, -0.000000, 0.000000,
                      -0.000000, 0.000000, 1.000000, 0.000000,
                      3.385492, -2.423515, 0.650471, 1.000000;;
                     }

                     Frame Biped_Skeleton_LThigh {
                        FrameTransformMatrix {
                         0.112880, -0.964173, 0.240061, 0.000000,
                         -0.000004, -0.241606, -0.970375, 0.000000,
                         0.993609, 0.109534, -0.027276, 0.000000,
                         0.000000, 0.000000, 0.000000, 1.000000;;
                        }

                        Frame Biped_Skeleton_LShin {
                           FrameTransformMatrix {
                            0.489750, 0.870838, 0.042260, 0.000000,
                            -0.017857, -0.038442, 0.999101, 0.000000,
                            0.871680, -0.490065, -0.003276, 0.000000,
                            18.543915, 0.000001, 0.000000, 1.000000;;
                           }

                           Frame Biped_Skeleton_eff6 {
                              FrameTransformMatrix {
                               1.000000, 0.000000, -0.000000, 0.000000,
                               -0.000000, 1.000000, 0.000000, 0.000000,
                               0.000000, -0.000000, 1.000000, 0.000000,
                               15.461402, 0.000001, -0.000003, 1.000000;;
                              }

                              Frame Biped_Skeleton_LFootRoot {
                                 FrameTransformMatrix {
                                  0.054815, -0.020348, -0.998289, 0.000000,
                                  -0.992729, 0.106193, -0.056674, 0.000000,
                                  0.107164, 0.994137, -0.014379, 0.000000,
                                  -0.000001, 0.000000, 0.000001, 1.000000;;
                                 }

                                 Frame Biped_Skeleton_LFootBone1 {
                                    FrameTransformMatrix {
                                     -0.969729, 0.099994, 0.222769, 0.000000,
                                     -0.102563, -0.994726, 0.000037, 0.000000,
                                     0.221598, -0.022812, 0.974871, 0.000000,
                                     0.000003, -0.000001, 0.000000, 1.000000;;
                                    }

                                    Frame Biped_Skeleton_LFootBone2 {
                                       FrameTransformMatrix {
                                        0.989092, -0.142634, 0.036771, 0.000000,
                                        0.142730, 0.989762, 0.000007, 0.000000,
                                        -0.036396, 0.005241, 0.999324, 0.000000,
                                        3.153152, 0.000000, 0.000000, 1.000000;;
                                       }

                                       Frame Biped_Skeleton_LFootBone3 {
                                          FrameTransformMatrix {
                                           0.946730, -0.317487, 0.053891, 0.000000,
                                           0.321069, 0.917687, -0.234022, 0.000000,
                                           0.024844, 0.238858, 0.970737, 0.000000,
                                           3.236556, -0.000000, 0.000001, 1.000000;;
                                          }

                                       }
                                    }
                                 }
                              }
                           }
                        }
                     }
                  }
                  Frame Biped_Skeleton_RRoot1 {
                     FrameTransformMatrix {
                      1.000000, -0.000000, 0.000000, 0.000000,
                      0.000000, 1.000000, -0.000000, 0.000000,
                      -0.000000, 0.000000, 1.000000, 0.000000,
                      -3.385492, -2.423515, 0.650471, 1.000000;;
                     }

                     Frame Biped_Skeleton_RThigh {
                        FrameTransformMatrix {
                         -0.099894, -0.863466, 0.494416, 0.000000,
                         0.000013, -0.496903, -0.867806, 0.000000,
                         0.994998, -0.086682, 0.049649, 0.000000,
                         -0.000000, 0.000000, 0.000000, 1.000000;;
                        }

                        Frame Biped_Skeleton_RShin {
                           FrameTransformMatrix {
                            0.409826, 0.909210, -0.073350, 0.000000,
                            -0.018651, -0.072044, -0.997227, 0.000000,
                            -0.911973, 0.410058, -0.012568, 0.000000,
                            18.543919, 0.000002, 0.000000, 1.000000;;
                           }

                           Frame Biped_Skeleton_eff7 {
                              FrameTransformMatrix {
                               1.000000, -0.000000, -0.000000, 0.000000,
                               0.000000, 1.000000, 0.000000, 0.000000,
                               0.000000, -0.000000, 1.000000, 0.000000,
                               15.461401, 0.000004, -0.000000, 1.000000;;
                              }

                              Frame Biped_Skeleton_RFootRoot {
                                 FrameTransformMatrix {
                                  0.054817, 0.020348, -0.998289, 0.000000,
                                  -0.992729, -0.106193, -0.056676, 0.000000,
                                  -0.107165, 0.994137, 0.014379, 0.000000,
                                  -0.000000, 0.000001, 0.000000, 1.000000;;
                                 }

                                 Frame Biped_Skeleton_RFootBone1 {
                                    FrameTransformMatrix {
                                     0.991997, 0.091627, -0.086865, 0.000000,
                                     -0.091972, 0.995762, 0.000035, 0.000000,
                                     0.086500, 0.007954, 0.996220, 0.000000,
                                     0.000000, -0.000000, -0.000001, 1.000000;;
                                    }

                                    Frame Biped_Skeleton_RFootBone2 {
                                       FrameTransformMatrix {
                                        0.989092, 0.143618, 0.032733, 0.000000,
                                        -0.143694, 0.989622, -0.000039, 0.000000,
                                        -0.032399, -0.004665, 0.999464, 0.000000,
                                        3.153153, -0.000000, -0.000000, 1.000000;;
                                       }

                                       Frame Biped_Skeleton_RFootBone3 {
                                          FrameTransformMatrix {
                                           0.946728, 0.318861, 0.045085, 0.000000,
                                           0.321073, -0.923806, -0.208556, 0.000000,
                                           -0.024851, 0.211922, -0.976971, 0.000000,
                                           3.236555, -0.000000, 0.000000, 1.000000;;
                                          }

                                       }
                                    }
                                 }
                              }
                           }
                        }
                     }
                  }
               }
            }
         }
      }
   }

   Frame Body {
      FrameTransformMatrix {
       1.000000, 0.000000, 0.000000, 0.000000,
       0.000000, 1.000000, 0.000000, 0.000000,
       0.000000, 0.000000, 1.000000, 0.000000,
       0.000000, 0.000000, 0.000000, 1.000000;;
      }

      Mesh skinnedMesh {
       6177;
       -5.484357; 1.628473; 13.990852;,
       -5.494057; 0.931087; 13.038754;,
       -5.134559; 2.618858; 12.354012;,
       -5.191290; 2.893621; 13.315628;,
       -5.967520; 3.627752; 12.847450;,
       -5.545028; 3.604902; 13.117060;,
       -5.608198; 4.167192; 12.312877;,
       -5.607523; 3.050680; 13.720083;,
       -5.920210; 1.723951; 14.430706;,
       -7.177646; 3.520744; 11.010950;,
       -7.960623; 1.681149; 11.227865;,
       -7.389835; 1.720076; 12.756826;,
       -6.864303; 3.337938; 12.056637;,
       -0.111248; 25.338226; 4.031126;,
       -1.767742; 24.210779; 5.510845;,
       -1.736357; 21.734732; 4.086233;,
       -7.419024; 2.948950; 9.430732;,
       -7.935966; 2.391497; 9.299324;,
       -7.989434; 2.347216; 10.186658;,
       -2.812491; 36.286751; 6.116700;,
       -3.152357; 36.105705; 5.261354;,
       -4.298863; 34.447235; 5.710998;,
       -3.828894; 34.383221; 7.089160;,
       -2.910849; 19.018545; 0.897605;,
       -3.223180; 17.363153; 1.066638;,
       -3.414819; 18.110979; 0.337953;,
       -3.174533; 19.412634; 0.299985;,
       -3.993080; 17.789385; -0.152800;,
       -3.794147; 19.706354; 0.009756;,
       -0.538235; 22.082809; 0.978778;,
       -2.629127; 26.378544; 0.202431;,
       -0.903739; 27.205021; 1.308343;,
       -4.682065; 12.894398; 4.607749;,
       -4.796679; 11.679072; 5.930204;,
       -4.074651; 10.836650; 6.044430;,
       -3.771529; 12.163463; 4.578854;,
       -5.335482; 2.564133; 10.578472;,
       -5.144235; 2.613348; 11.483775;,
       -5.814519; 0.688345; 11.402321;,
       -6.191143; 0.938105; 10.411864;,
       -1.326232; 32.261852; 2.368094;,
       -1.208359; 30.480091; 1.726488;,
       -3.021644; 30.635317; 2.034220;,
       -2.853044; 32.476105; 2.834250;,
       -6.864303; 3.337938; 12.056637;,
       -6.632386; 2.867083; 12.942240;,
       -6.165178; 3.100397; 13.416695;,
       -5.967520; 3.627752; 12.847450;,
       -5.412426; 4.319452; 11.758317;,
       -5.131924; 3.938053; 11.269857;,
       -5.213309; 4.720104; 10.460130;,
       -5.868159; 5.417152; 10.871720;,
       -3.021644; 30.635317; 2.034220;,
       -1.208359; 30.480091; 1.726488;,
       -0.831563; 28.946556; 1.485582;,
       -3.174818; 28.987673; 1.121630;,
       -3.356491; 27.978539; 0.794332;,
       -6.004402; 9.663378; 6.033840;,
       -5.879689; 10.306465; 6.390939;,
       -6.055322; 11.625708; 5.482706;,
       -6.109958; 10.884308; 5.045178;,
       -5.231355; 14.711317; 1.201694;,
       -5.110624; 15.471564; 1.419818;,
       -5.138533; 15.471482; 0.679419;,
       -5.224675; 14.479845; 0.545336;,
       -6.101371; 12.177096; 3.880392;,
       -6.118683; 12.813553; 4.216960;,
       -5.667656; 13.773294; 2.992520;,
       -5.799543; 13.556601; 2.449512;,
       -5.543766; 13.001634; 4.523754;,
       -4.682065; 12.894398; 4.607749;,
       -4.761508; 13.839126; 3.228107;,
       -5.667656; 13.773294; 2.992520;,
       -6.109958; 10.884308; 5.045178;,
       -6.055322; 11.625708; 5.482706;,
       -6.118683; 12.813553; 4.216960;,
       -6.101371; 12.177096; 3.880392;,
       -3.978192; 13.656236; 2.752467;,
       -3.622824; 13.350817; 2.516517;,
       -3.667669; 13.866035; 1.671546;,
       -3.968900; 14.009212; 2.124386;,
       -4.814565; 15.654447; 1.946354;,
       -4.222306; 15.458012; 1.962503;,
       -3.965952; 16.514446; 2.273571;,
       -4.436602; 16.606590; 2.258744;,
       -6.112533; 8.417019; 6.962231;,
       -5.826702; 9.184452; 7.304957;,
       -5.879689; 10.306465; 6.390939;,
       -6.004402; 9.663378; 6.033840;,
       -5.156339; 5.473883; 9.034441;,
       -5.085170; 5.850264; 9.289602;,
       -5.209445; 4.352362; 10.008229;,
       -5.670330; 7.010721; 8.761933;,
       -5.970626; 6.531874; 8.337926;,
       -6.381695; 4.995550; 10.078369;,
       -4.386081; 32.751354; 4.267737;,
       -4.331742; 34.283714; 4.564403;,
       -4.289492; 34.330547; 3.616625;,
       -3.753874; 32.778305; 3.448370;,
       -5.209445; 4.352362; 10.008229;,
       -5.213309; 4.720104; 10.460130;,
       -5.131924; 3.938053; 11.269857;,
       -5.265213; 3.765593; 10.644290;,
       -5.305062; 6.930727; 9.055070;,
       -5.942146; 7.050562; 7.942169;,
       -5.592278; 7.636969; 8.284657;,
       -5.826702; 9.184452; 7.304957;,
       -6.112533; 8.417019; 6.962231;,
       -5.184610; 7.116899; 8.902975;,
       -4.987021; 6.020811; 9.008551;,
       -4.775279; 7.364248; 7.824025;,
       -4.924424; 8.294168; 8.220341;,
       -3.925297; 9.777521; 5.594248;,
       -3.507705; 11.164955; 4.476652;,
       -4.436602; 16.606590; 2.258744;,
       -3.965952; 16.514446; 2.273571;,
       -3.995869; 17.900267; 2.491488;,
       -3.771529; 12.163463; 4.578854;,
       -3.507705; 11.164955; 4.476652;,
       -3.528813; 12.950188; 2.958620;,
       -3.906966; 13.452644; 3.117178;,
       -4.585510; 9.735054; 6.967224;,
       -4.545835; 8.607624; 6.620941;,
       -3.925297; 9.777521; 5.594248;,
       -4.074651; 10.836650; 6.044430;,
       -4.924424; 8.294168; 8.220341;,
       -4.775279; 7.364248; 7.824025;,
       -4.545835; 8.607624; 6.620941;,
       -4.585510; 9.735054; 6.967224;,
       -4.953485; 14.868036; 1.724395;,
       -5.427331; 14.010353; 2.451231;,
       -4.659952; 13.990960; 2.752200;,
       -4.394659; 14.833014; 1.920453;,
       -4.405763; 15.920221; -0.501055;,
       -4.771465; 16.375034; -0.108128;,
       -4.559469; 18.211357; 0.177074;,
       -3.993080; 17.789385; -0.152800;,
       -2.746498; 19.533447; 0.018548;,
       -3.361448; 19.670374; -0.183634;,
       -2.960177; 21.272730; -0.417803;,
       -5.209500; 8.980705; 7.651508;,
       0.981109; 29.917233; 2.978263;,
       0.577584; 29.878006; 6.299186;,
       0.152905; 27.402676; 4.841269;,
       -5.969685; 2.068066; 9.534145;,
       -6.461897; 1.025070; 9.171992;,
       -6.518823; 2.086706; 8.443771;,
       -6.328944; 2.646990; 9.005204;,
       -8.342443; 1.778711; 7.949261;,
       -8.852563; 1.698124; 9.085223;,
       -7.935966; 2.391497; 9.299324;,
       -7.530380; 2.452179; 8.491996;,
       -1.345320; 26.264101; 6.126848;,
       0.997400; 30.694267; 4.960509;,
       1.002989; 31.089924; 6.133879;,
       -4.125215; 20.655336; 0.090915;,
       -3.794147; 19.706354; 0.009756;,
       -4.752383; 19.737707; 0.267561;,
       -4.858336; 20.501160; 0.141529;,
       -9.528298; 1.045813; 5.985923;,
       -9.564792; 1.138973; 6.022288;,
       -9.343423; 1.197123; 6.379886;,
       -9.342083; 1.081974; 6.303755;,
       -4.386081; 32.751354; 4.267737;,
       -4.426946; 32.816582; 5.445457;,
       -4.298863; 34.447235; 5.710998;,
       -4.331742; 34.283714; 4.564403;,
       0.072126; 26.313959; 2.371361;,
       0.146239; 28.242887; 2.893538;,
       0.152905; 27.402676; 4.841269;,
       -0.111248; 25.338226; 4.031126;,
       -4.273281; 22.166281; -0.269245;,
       -3.947774; 26.428505; 0.211565;,
       -2.960177; 21.272730; -0.417803;,
       -3.792725; 28.539083; 6.106945;,
       -3.012149; 31.353590; 7.030344;,
       -4.114420; 30.994215; 6.106035;,
       -5.095696; 21.393694; 3.286804;,
       -3.848884; 21.260897; 4.075843;,
       -4.068724; 24.012348; 4.853523;,
       -5.837261; 8.121847; 5.477799;,
       -5.421489; 7.802387; 5.626848;,
       -5.579690; 6.548403; 6.760069;,
       -6.079757; 6.752596; 6.466197;,
       -5.756415; 9.190235; 4.330943;,
       -5.204146; 8.845400; 4.462074;,
       -5.421489; 7.802387; 5.626848;,
       -5.837261; 8.121847; 5.477799;,
       -6.632386; 2.867083; 12.942240;,
       -6.986259; 1.852917; 13.565117;,
       -6.588911; 1.935968; 14.100086;,
       -6.165178; 3.100397; 13.416695;,
       -5.282705; 3.598179; 12.803707;,
       -5.545028; 3.604902; 13.117060;,
       -5.607523; 3.050680; 13.720083;,
       -5.200550; 3.222691; 10.679269;,
       -4.201030; 46.361568; 3.076931;,
       -4.527922; 46.368561; 3.555722;,
       -4.472386; 44.969913; 3.369657;,
       -5.272442; 44.738564; 3.554075;,
       -4.760146; 43.678009; 3.299319;,
       -4.472386; 44.969913; 3.369657;,
       -4.021093; 44.859138; 2.607530;,
       -0.405677; 52.161011; -0.076563;,
       -2.282957; 51.791454; 0.585982;,
       -3.246021; 51.724651; 1.969067;,
       -1.495266; 51.952370; 2.542255;,
       -4.201030; 46.361568; 3.076931;,
       -4.246822; 46.852497; 2.431956;,
       -4.577704; 48.577171; 2.338258;,
       -4.188845; 48.034695; 3.193664;,
       -5.272442; 44.738564; 3.554075;,
       -6.082428; 45.013802; 3.358150;,
       -5.850444; 43.787540; 3.374107;,
       -6.295488; 49.884804; 3.600725;,
       -5.891711; 49.961201; 4.385121;,
       -5.360106; 51.060722; 4.273912;,
       -5.875669; 51.108406; 3.464124;,
       -4.662672; 51.503670; 3.170259;,
       -4.510209; 51.396011; 3.912578;,
       -3.233545; 51.415474; 3.270059;,
       -5.833720; 50.956596; 1.666192;,
       -5.971173; 51.102074; 2.761130;,
       -4.824312; 51.582104; 2.494153;,
       -5.395890; 51.326660; 1.520762;,
       -5.834901; 50.010742; 1.043182;,
       -6.023317; 49.638470; 2.073625;,
       -6.165016; 50.453468; 1.926440;,
       -3.233545; 51.415474; 3.270059;,
       -4.510209; 51.396011; 3.912578;,
       -3.670726; 51.169136; 5.142404;,
       -5.360106; 51.060722; 4.273912;,
       -5.891711; 49.961201; 4.385121;,
       -5.068774; 49.940201; 4.876290;,
       -4.397436; 50.430752; 5.069223;,
       -5.637825; 48.425014; 2.672433;,
       -5.402717; 48.153618; 3.635094;,
       -4.636069; 49.837051; 4.420585;,
       -2.387367; 50.508034; 4.852906;,
       -3.670726; 51.169136; 5.142404;,
       -4.137169; 48.293648; 5.070654;,
       -2.422708; 48.444290; 5.379358;,
       -3.901793; 13.588796; 1.182236;,
       -4.292106; 13.049846; 0.627716;,
       -4.135353; 14.287666; -0.216461;,
       -3.817400; 14.315817; 0.728217;,
       -2.051369; 50.316124; -1.681978;,
       -4.293314; 51.201206; -0.775094;,
       -4.697593; 51.387573; 0.363225;,
       -2.085550; 50.659538; -1.086421;,
       -4.293314; 51.201206; -0.775094;,
       -2.051369; 50.316124; -1.681978;,
       -1.904386; 49.639626; -1.982120;,
       -4.097588; 50.696651; -1.391345;,
       -5.402717; 48.153618; 3.635094;,
       -5.637825; 48.425014; 2.672433;,
       -5.096817; 46.822388; 1.643279;,
       -4.823967; 46.325638; 3.550430;,
       -2.422708; 48.444290; 5.379358;,
       -4.137169; 48.293648; 5.070654;,
       -3.750963; 45.154045; 4.925196;,
       -2.199746; 45.560097; 5.582069;,
       -2.958413; 48.567822; -1.917003;,
       -1.709786; 49.099800; -1.973793;,
       -0.972317; 46.969936; -2.327825;,
       -2.212364; 46.974895; -2.335664;,
       -5.420669; 48.432510; -0.404983;,
       -3.944389; 48.457378; -1.784661;,
       -3.544142; 46.898041; -2.014904;,
       -4.824579; 47.000126; -0.505181;,
       -6.427221; 4.416227; 9.578114;,
       -6.381695; 4.995550; 10.078369;,
       -5.970626; 6.531874; 8.337926;,
       -6.265568; 5.502655; 8.470946;,
       -4.238555; 44.549362; 2.515724;,
